0	0	0
0.0526315789473679	0	1
0.105263157894737	0	2
0	0.0370370370370372	3
0.0526315789473679	0.0370370370370372	4
0.105263157894737	0.0370370370370372	5
0.157894736842105	0.0370370370370372	6
0.210526315789474	0.0370370370370372	7
0.263157894736842	0.0370370370370372	8
0.31578947368421	0.0370370370370372	9
0.368421052631579	0.0370370370370372	10
0.421052631578947	0.0370370370370372	11
0.105263157894737	0.0740740740740743	12
0.157894736842105	0.0740740740740743	13
0.210526315789474	0.0740740740740743	14
0.263157894736842	0.0740740740740743	15
0.31578947368421	0.0740740740740743	16
0.368421052631579	0.0740740740740743	17
0.421052631578947	0.0740740740740743	18
0.473684210526315	0.0740740740740743	19
0.526315789473684	0.0740740740740743	20
0.578947368421052	0.0740740740740743	21
0.631578947368421	0.0740740740740743	22
0.684210526315789	0.0740740740740743	23
0.736842105263158	0.0740740740740743	24
0.789473684210526	0.0740740740740743	25
0.0526315789473679	0.111111111111111	26
0.105263157894737	0.111111111111111	27
0.157894736842105	0.111111111111111	28
0.210526315789474	0.111111111111111	29
0.263157894736842	0.111111111111111	30
0.31578947368421	0.111111111111111	31
0.368421052631579	0.111111111111111	32
0.421052631578947	0.111111111111111	33
0.473684210526315	0.111111111111111	34
0.526315789473684	0.111111111111111	35
0.578947368421052	0.111111111111111	36
0.631578947368421	0.111111111111111	37
0.684210526315789	0.111111111111111	38
0.736842105263158	0.111111111111111	39
0.789473684210526	0.111111111111111	40
0.0526315789473679	0.148148148148148	41
0.105263157894737	0.148148148148148	42
0.157894736842105	0.148148148148148	43
0.210526315789474	0.148148148148148	44
0.263157894736842	0.148148148148148	45
0.31578947368421	0.148148148148148	46
0.368421052631579	0.148148148148148	47
0.421052631578947	0.148148148148148	48
0.473684210526315	0.148148148148148	49
0.526315789473684	0.148148148148148	50
0.578947368421052	0.148148148148148	51
0.631578947368421	0.148148148148148	52
0.684210526315789	0.148148148148148	53
0.736842105263158	0.148148148148148	54
0.789473684210526	0.148148148148148	55
0.842105263157894	0.148148148148148	56
0.894736842105263	0.148148148148148	57
0.947368421052632	0.148148148148148	58
1	0.148148148148148	59
0.0526315789473679	0.185185185185185	60
0.105263157894737	0.185185185185185	61
0.157894736842105	0.185185185185185	62
0.210526315789474	0.185185185185185	63
0.263157894736842	0.185185185185185	64
0.31578947368421	0.185185185185185	65
0.368421052631579	0.185185185185185	66
0.421052631578947	0.185185185185185	67
0.473684210526315	0.185185185185185	68
0.526315789473684	0.185185185185185	69
0.578947368421052	0.185185185185185	70
0.631578947368421	0.185185185185185	71
0.684210526315789	0.185185185185185	72
0.736842105263158	0.185185185185185	73
0.789473684210526	0.185185185185185	74
0.842105263157894	0.185185185185185	75
0.894736842105263	0.185185185185185	76
0.947368421052632	0.185185185185185	77
1	0.185185185185185	78
0.0526315789473679	0.222222222222222	79
0.105263157894737	0.222222222222222	80
0.157894736842105	0.222222222222222	81
0.210526315789474	0.222222222222222	82
0.263157894736842	0.222222222222222	83
0.31578947368421	0.222222222222222	84
0.368421052631579	0.222222222222222	85
0.421052631578947	0.222222222222222	86
0.473684210526315	0.222222222222222	87
0.526315789473684	0.222222222222222	88
0.578947368421052	0.222222222222222	89
0.631578947368421	0.222222222222222	90
0.684210526315789	0.222222222222222	91
0.736842105263158	0.222222222222222	92
0.789473684210526	0.222222222222222	93
0.842105263157894	0.222222222222222	94
0.894736842105263	0.222222222222222	95
0.947368421052632	0.222222222222222	96
1	0.222222222222222	97
0	0.259259259259259	98
0.0526315789473679	0.259259259259259	99
0.105263157894737	0.259259259259259	100
0.157894736842105	0.259259259259259	101
0.210526315789474	0.259259259259259	102
0.263157894736842	0.259259259259259	103
0.31578947368421	0.259259259259259	104
0.368421052631579	0.259259259259259	105
0.421052631578947	0.259259259259259	106
0.473684210526315	0.259259259259259	107
0.526315789473684	0.259259259259259	108
0.578947368421052	0.259259259259259	109
0.631578947368421	0.259259259259259	110
0.684210526315789	0.259259259259259	111
0.736842105263158	0.259259259259259	112
0.789473684210526	0.259259259259259	113
0.842105263157894	0.259259259259259	114
0.894736842105263	0.259259259259259	115
0.947368421052632	0.259259259259259	116
1	0.259259259259259	117
0	0.296296296296296	118
0.0526315789473679	0.296296296296296	119
0.105263157894737	0.296296296296296	120
0.157894736842105	0.296296296296296	121
0.210526315789474	0.296296296296296	122
0.263157894736842	0.296296296296296	123
0.31578947368421	0.296296296296296	124
0.368421052631579	0.296296296296296	125
0.421052631578947	0.296296296296296	126
0.473684210526315	0.296296296296296	127
0.526315789473684	0.296296296296296	128
0.578947368421052	0.296296296296296	129
0.631578947368421	0.296296296296296	130
0.684210526315789	0.296296296296296	131
0.736842105263158	0.296296296296296	132
0.789473684210526	0.296296296296296	133
0.842105263157894	0.296296296296296	134
0.894736842105263	0.296296296296296	135
0.947368421052632	0.296296296296296	136
1	0.296296296296296	137
0	0.333333333333333	138
0.0526315789473679	0.333333333333333	139
0.105263157894737	0.333333333333333	140
0.157894736842105	0.333333333333333	141
0.210526315789474	0.333333333333333	142
0.263157894736842	0.333333333333333	143
0.31578947368421	0.333333333333333	144
0.368421052631579	0.333333333333333	145
0.421052631578947	0.333333333333333	146
0.473684210526315	0.333333333333333	147
0.526315789473684	0.333333333333333	148
0.578947368421052	0.333333333333333	149
0.631578947368421	0.333333333333333	150
0.684210526315789	0.333333333333333	151
0.736842105263158	0.333333333333333	152
0.789473684210526	0.333333333333333	153
0.842105263157894	0.333333333333333	154
0.894736842105263	0.333333333333333	155
0.947368421052632	0.333333333333333	156
1	0.333333333333333	157
0	0.37037037037037	158
0.0526315789473679	0.37037037037037	159
0.105263157894737	0.37037037037037	160
0.157894736842105	0.37037037037037	161
0.210526315789474	0.37037037037037	162
0.263157894736842	0.37037037037037	163
0.31578947368421	0.37037037037037	164
0.368421052631579	0.37037037037037	165
0.421052631578947	0.37037037037037	166
0.473684210526315	0.37037037037037	167
0.526315789473684	0.37037037037037	168
0.578947368421052	0.37037037037037	169
0.631578947368421	0.37037037037037	170
0.684210526315789	0.37037037037037	171
0.736842105263158	0.37037037037037	172
0.789473684210526	0.37037037037037	173
0.842105263157894	0.37037037037037	174
0.894736842105263	0.37037037037037	175
0.947368421052632	0.37037037037037	176
1	0.37037037037037	177
0	0.407407407407407	178
0.0526315789473679	0.407407407407407	179
0.105263157894737	0.407407407407407	180
0.157894736842105	0.407407407407407	181
0.210526315789474	0.407407407407407	182
0.263157894736842	0.407407407407407	183
0.31578947368421	0.407407407407407	184
0.368421052631579	0.407407407407407	185
0.421052631578947	0.407407407407407	186
0.473684210526315	0.407407407407407	187
0.526315789473684	0.407407407407407	188
0.578947368421052	0.407407407407407	189
0.631578947368421	0.407407407407407	190
0.684210526315789	0.407407407407407	191
0.736842105263158	0.407407407407407	192
0.789473684210526	0.407407407407407	193
0.842105263157894	0.407407407407407	194
0.894736842105263	0.407407407407407	195
1	0.407407407407407	196
0	0.444444444444445	197
0.0526315789473679	0.444444444444445	198
0.105263157894737	0.444444444444445	199
0.157894736842105	0.444444444444445	200
0.210526315789474	0.444444444444445	201
0.263157894736842	0.444444444444445	202
0.31578947368421	0.444444444444445	203
0.368421052631579	0.444444444444445	204
0.421052631578947	0.444444444444445	205
0.473684210526315	0.444444444444445	206
0.526315789473684	0.444444444444445	207
0.578947368421052	0.444444444444445	208
0.631578947368421	0.444444444444445	209
0.684210526315789	0.444444444444445	210
0.736842105263158	0.444444444444445	211
0.789473684210526	0.444444444444445	212
0.842105263157894	0.444444444444445	213
0.894736842105263	0.444444444444445	214
0.947368421052632	0.444444444444445	215
1	0.444444444444445	216
0	0.481481481481482	217
0.0526315789473679	0.481481481481482	218
0.105263157894737	0.481481481481482	219
0.157894736842105	0.481481481481482	220
0.210526315789474	0.481481481481482	221
0.263157894736842	0.481481481481482	222
0.31578947368421	0.481481481481482	223
0.368421052631579	0.481481481481482	224
0.421052631578947	0.481481481481482	225
0.473684210526315	0.481481481481482	226
0.526315789473684	0.481481481481482	227
0.578947368421052	0.481481481481482	228
0.631578947368421	0.481481481481482	229
0.684210526315789	0.481481481481482	230
0.736842105263158	0.481481481481482	231
0.789473684210526	0.481481481481482	232
0.842105263157894	0.481481481481482	233
0.894736842105263	0.481481481481482	234
0.947368421052632	0.481481481481482	235
1	0.481481481481482	236
0.0526315789473679	0.518518518518518	237
0.105263157894737	0.518518518518518	238
0.157894736842105	0.518518518518518	239
0.210526315789474	0.518518518518518	240
0.263157894736842	0.518518518518518	241
0.31578947368421	0.518518518518518	242
0.368421052631579	0.518518518518518	243
0.421052631578947	0.518518518518518	244
0.473684210526315	0.518518518518518	245
0.526315789473684	0.518518518518518	246
0.578947368421052	0.518518518518518	247
0.631578947368421	0.518518518518518	248
0.684210526315789	0.518518518518518	249
0.736842105263158	0.518518518518518	250
0.789473684210526	0.518518518518518	251
0.842105263157894	0.518518518518518	252
0.894736842105263	0.518518518518518	253
0.947368421052632	0.518518518518518	254
1	0.518518518518518	255
0.0526315789473679	0.555555555555556	256
0.105263157894737	0.555555555555556	257
0.157894736842105	0.555555555555556	258
0.210526315789474	0.555555555555556	259
0.263157894736842	0.555555555555556	260
0.31578947368421	0.555555555555556	261
0.368421052631579	0.555555555555556	262
0.421052631578947	0.555555555555556	263
0.473684210526315	0.555555555555556	264
0.526315789473684	0.555555555555556	265
0.578947368421052	0.555555555555556	266
0.631578947368421	0.555555555555556	267
0.684210526315789	0.555555555555556	268
0.736842105263158	0.555555555555556	269
0.789473684210526	0.555555555555556	270
0.842105263157894	0.555555555555556	271
0.894736842105263	0.555555555555556	272
0.947368421052632	0.555555555555556	273
1	0.555555555555556	274
0.105263157894737	0.592592592592593	275
0.157894736842105	0.592592592592593	276
0.210526315789474	0.592592592592593	277
0.263157894736842	0.592592592592593	278
0.31578947368421	0.592592592592593	279
0.368421052631579	0.592592592592593	280
0.421052631578947	0.592592592592593	281
0.473684210526315	0.592592592592593	282
0.526315789473684	0.592592592592593	283
0.578947368421052	0.592592592592593	284
0.631578947368421	0.592592592592593	285
0.684210526315789	0.592592592592593	286
0.736842105263158	0.592592592592593	287
0.789473684210526	0.592592592592593	288
0.842105263157894	0.592592592592593	289
0.894736842105263	0.592592592592593	290
0.947368421052632	0.592592592592593	291
1	0.592592592592593	292
0.105263157894737	0.62962962962963	293
0.157894736842105	0.62962962962963	294
0.210526315789474	0.62962962962963	295
0.263157894736842	0.62962962962963	296
0.31578947368421	0.62962962962963	297
0.368421052631579	0.62962962962963	298
0.421052631578947	0.62962962962963	299
0.473684210526315	0.62962962962963	300
0.526315789473684	0.62962962962963	301
0.578947368421052	0.62962962962963	302
0.631578947368421	0.62962962962963	303
0.684210526315789	0.62962962962963	304
0.736842105263158	0.62962962962963	305
0.789473684210526	0.62962962962963	306
0.842105263157894	0.62962962962963	307
0.894736842105263	0.62962962962963	308
0.947368421052632	0.62962962962963	309
1	0.62962962962963	310
0.210526315789474	0.666666666666667	311
0.263157894736842	0.666666666666667	312
0.31578947368421	0.666666666666667	313
0.368421052631579	0.666666666666667	314
0.421052631578947	0.666666666666667	315
0.473684210526315	0.666666666666667	316
0.526315789473684	0.666666666666667	317
0.578947368421052	0.666666666666667	318
0.631578947368421	0.666666666666667	319
0.684210526315789	0.666666666666667	320
0.736842105263158	0.666666666666667	321
0.789473684210526	0.666666666666667	322
0.842105263157894	0.666666666666667	323
0.894736842105263	0.666666666666667	324
0.947368421052632	0.666666666666667	325
1	0.666666666666667	326
0.210526315789474	0.703703703703704	327
0.31578947368421	0.703703703703704	328
0.368421052631579	0.703703703703704	329
0.421052631578947	0.703703703703704	330
0.473684210526315	0.703703703703704	331
0.526315789473684	0.703703703703704	332
0.578947368421052	0.703703703703704	333
0.631578947368421	0.703703703703704	334
0.684210526315789	0.703703703703704	335
0.736842105263158	0.703703703703704	336
0.789473684210526	0.703703703703704	337
0.842105263157894	0.703703703703704	338
0.894736842105263	0.703703703703704	339
0.947368421052632	0.703703703703704	340
1	0.703703703703704	341
0.368421052631579	0.740740740740741	342
0.421052631578947	0.740740740740741	343
0.473684210526315	0.740740740740741	344
0.526315789473684	0.740740740740741	345
0.578947368421052	0.740740740740741	346
0.631578947368421	0.740740740740741	347
0.684210526315789	0.740740740740741	348
0.736842105263158	0.740740740740741	349
0.789473684210526	0.740740740740741	350
0.842105263157894	0.740740740740741	351
0.894736842105263	0.740740740740741	352
0.947368421052632	0.740740740740741	353
1	0.740740740740741	354
0.368421052631579	0.777777777777778	355
0.421052631578947	0.777777777777778	356
0.473684210526315	0.777777777777778	357
0.526315789473684	0.777777777777778	358
0.578947368421052	0.777777777777778	359
0.631578947368421	0.777777777777778	360
0.684210526315789	0.777777777777778	361
0.736842105263158	0.777777777777778	362
0.789473684210526	0.777777777777778	363
0.842105263157894	0.777777777777778	364
0.894736842105263	0.777777777777778	365
0.947368421052632	0.777777777777778	366
1	0.777777777777778	367
0.421052631578947	0.814814814814815	368
0.473684210526315	0.814814814814815	369
0.526315789473684	0.814814814814815	370
0.578947368421052	0.814814814814815	371
0.631578947368421	0.814814814814815	372
0.684210526315789	0.814814814814815	373
0.736842105263158	0.814814814814815	374
0.789473684210526	0.814814814814815	375
0.842105263157894	0.814814814814815	376
0.894736842105263	0.814814814814815	377
0.947368421052632	0.814814814814815	378
1	0.814814814814815	379
0.421052631578947	0.851851851851852	380
0.473684210526315	0.851851851851852	381
0.526315789473684	0.851851851851852	382
0.578947368421052	0.851851851851852	383
0.631578947368421	0.851851851851852	384
0.684210526315789	0.851851851851852	385
0.736842105263158	0.851851851851852	386
0.789473684210526	0.851851851851852	387
0.842105263157894	0.851851851851852	388
0.894736842105263	0.851851851851852	389
0.947368421052632	0.851851851851852	390
1	0.851851851851852	391
0.473684210526315	0.888888888888889	392
0.526315789473684	0.888888888888889	393
0.578947368421052	0.888888888888889	394
0.631578947368421	0.888888888888889	395
0.684210526315789	0.888888888888889	396
0.736842105263158	0.888888888888889	397
0.789473684210526	0.888888888888889	398
0.842105263157894	0.888888888888889	399
0.894736842105263	0.888888888888889	400
0.947368421052632	0.888888888888889	401
1	0.888888888888889	402
0.578947368421052	0.925925925925926	403
0.631578947368421	0.925925925925926	404
0.684210526315789	0.925925925925926	405
0.736842105263158	0.925925925925926	406
0.789473684210526	0.925925925925926	407
0.842105263157894	0.925925925925926	408
0.894736842105263	0.925925925925926	409
0.947368421052632	0.925925925925926	410
1	0.925925925925926	411
0.631578947368421	0.962962962962963	412
0.684210526315789	0.962962962962963	413
0.736842105263158	0.962962962962963	414
0.789473684210526	0.962962962962963	415
0.842105263157894	0.962962962962963	416
0.894736842105263	0.962962962962963	417
0.947368421052632	0.962962962962963	418
1	0.962962962962963	419
0.842105263157894	1	420
0.894736842105263	1	421
0.947368421052632	1	422
1	1	423
