Mixture	Visceral_muscle	Trachea	Epidermis	Foregut	Stomatogastric_nervous_system	Hemolymph_cells	Midgut	Amnioserosa	CNS	Fat_body	Somatic_muscle	Visceral_branch	Salivary_gland_body	P-value	Correlation	RMSE
X0	0.0355325143386111	0	0	0.26982121322576	0.35702854882836	0.0618791883051684	0.0354951046282571	0	0.101203544748899	0	0.11088805664613	0.00826242802717784	0.0198894012516364	0	0.0651093206773034	1.05692331698142
X1	0.177246638735185	0	0	0.117392716840445	0.269497937596306	0.00498141163598915	0	0	0.178782691122918	0.117581627211148	0.134516976858008	0	0	0	0.0464912739626598	1.05860479894436
X2	0.0678363123624688	0	0.278761582573317	0.0227405410709933	0.205447821790636	0	0.10354916965894	0	0	0.116055842681709	0	0.153802728949875	0.0518060009120616	0	0.0740428532608887	1.05486865431837
X3	0.193467165403158	0	0.36282868494209	0	0.139123659937979	0.17195945457419	0.0252393130880167	0	0.0240992496781577	0.083282472376409	0	0	0	0	0.161719623252806	1.01634563610026
X4	0.19906912491386	0.0939017952199067	0.165387811827442	0.213508994718024	0	0.199496310170713	0	0.0635607149159823	0	0.0301179262385539	0.034957321995518	0	0	0	0.0613230449486909	1.05101642602603
X5	0	0.0203352296225809	0.105439256765661	0.00903513301129879	0.0246891246702113	0	0	0.107272628601523	0.412684316219749	0.110300699311422	0.140939314129873	0	0.0693042976676822	0	0.235429011451657	0.995799578959399
X6	0.208582753864209	0.169130774324863	0.0053996756803613	0	0.0158911671209339	0.166692636410084	0	0.0487739961696128	0.104985212259083	0	0	0.123456109055237	0.157087675115616	0	0.215011152964241	1.02280704720731
X7	0	0.126889102415265	0	0.0561727116303017	0	0	0	0.456556823540699	0.323072007802121	0	0	0	0.0373093546116123	0	0.463388109403159	0.898720166883028
X8	0	0.192945972709037	0.224175694005144	0.198842030882475	0.00223711355008281	0.134649539130281	0	0	0.0687728825527658	0.111008638036175	0.0278572323439168	0.0395108967901226	0	0	0.187428468706346	1.00360841798139
X9	0	0	0.0765413590574436	0	0	0.174771603119862	0	0.272277371031021	0	0	0.305452006279346	0.170957660512327	0	0	0.167653234775924	1.02924592418456
X10	0.122718546347818	0.129816315569446	0.167141499065171	0	0	0.0550949840917282	0.343099651501987	0	0	0.16142864003266	0	0	0.0207003633911907	0	0.138721717724327	1.02681448856538
X11	0.186343196290087	0.166654240005049	0.0952011557021646	0	0.0396473066198878	0.0136521597681258	0.296513767143131	0.0331760189636818	0	0	0	0.0937699999901603	0.0750421555177124	0	0.0768254141372392	1.0493012602387
X12	0.264549269535222	0.0396675703614351	0.094476450859811	0	0.148017553912888	0	0	0	0.206557461982656	0.118488249583597	0.091161317504499	0.0370821262598922	0	0	0.0402648944987968	1.05560127830898
X13	0.00193958053220616	0.0668305372528088	0.180725077693387	0.270868434846377	0	0.0995660738402462	0	0	0.109906832476581	0.125335693904092	0.101964949190047	0.0428628202642544	0	0	0.0655802243109076	1.04964561252715
X14	0.0108329393588848	0.376427052643215	0.102113939953511	0.0881342067842453	0	0.0632905587553634	0.150413711670145	0	0.0895642077987821	0	0	0.119223383035853	0	0	0.0547981287977886	1.05511535712457
X15	0.206613230360583	0.280220788454312	0.0726301782214407	0.0703217483992651	0	0.123504214464341	0.0757389272133192	0	0	0.145789257755629	0	0	0.0251816551311096	0	0.118498375295083	1.0313743511976
X16	0.129359445528172	0.218693550890863	0	0	0.151044566780235	0.152147027843068	0	0	0.130270749127425	0.0411356573680626	0	0.177349002462176	0	0	0.0940168487454325	1.03375950531301
X17	0.0221671468775676	0.0835497535050057	0	0.117374757011091	0	0.167826045299949	0	0	0.154618600680775	0.14737645276404	0.0662731207479251	0.240814123113646	0	0	0.0420662544868205	1.0610989059775
X18	0.0684398454961369	0	0	0.0741042808755246	0	0.0361787188796996	0	0.0347770159865831	0.15165955366698	0.0912104517323126	0.253141428610479	0.290488704752284	0	0	0.029588332821774	1.06592596675922
X19	0.251233940530382	0	0.0969959717468166	0.0804317852368758	0.303930425391971	0	0.0484463493592617	0	0.0603748172553771	0.113532337090771	0	0.0450543733885446	0	0	0.112414245038752	1.03235347603307
X20	0.0876934675815569	0	0.213498212466359	0	0	0	0.177862900864897	0.0839265417158754	0.132991691869027	0	0.261084506541281	0.0271858072902491	0.0157568716707549	0	0.104603521354511	1.03283541793843
X21	0	0.0133142721603786	0	0.133224986801092	0.231827042944065	0.029101209517827	0	0.146289745754304	0.263972472154883	0.127473004108217	0.0015796381874076	0	0.0532176283718255	0	0.141300979730349	1.04055097021023
X22	0	0.0190993977765207	0.248798877775695	0.0131821337393502	0.0303925629267765	0.0513727830132565	0	0.0250347914098172	0.299520364931251	0.039543880367882	0.199222216856497	0.0430975139037149	0.0307354772992391	0	0.104144489706831	1.03402869233696
X23	0.0915281541062965	0	0.094931365342279	0.123100573356654	0.0492746375761657	0.0417273055996974	0.365458201217684	0.0208450004283088	0	0.0154606892400184	0	0.156430551049032	0.0412435220838644	0	0.132123316360185	1.0237777610232
X24	0.189879342402303	0.0866942575401989	0.137127801058215	0	0	0.15735772877951	0.134201805561841	0.0786855768038658	0.13059487707814	0	0	0.051574207471616	0.0338844033043097	0	0.133637822223908	1.02042534906072
X25	0.122963935583151	0	0	0.0548201671107403	0.117628812610892	0.0394137641425362	0.341788308945238	0.0395778647074158	0	0	0	0.283807146900026	0	0	0.147169839479735	1.02203547094549
X26	0.118501241376941	0	0.182021769056625	0.00271479492597114	0	0.233581199749152	0.147981383837307	0.0385902920255095	0.0229592849006491	0.174378954178542	0	0.0516039827754366	0.0276670971738671	0	0.146184886105182	1.02642323595893
X27	0.0961879701352712	0.267390685629873	0	0.0062002746917041	0	0.084156238036969	0	0	0.135725615423369	0.115576359036732	0.137213291950328	0.0856223620792496	0.0719272030165049	0	0.224931846747548	0.991700687335992
X28	0	0.277057380651062	0.0809811422147668	0.111902561418779	0	0	0	0.165061697591258	0.0447355363994036	0.0876589329061542	0.0536155242896174	0.0881118630377056	0.0908753614912533	0	0.408637889960943	0.915433993622087
X29	0.265025351456445	0.139767705964688	0	0	0.0359337698429053	0.176764282153348	0	0.0527548830545993	0.0951092505508409	0.102649951820888	0	0.112298008788556	0.0196967963677311	0	0.273191791669789	0.968352563812118
X30	0	0.0708131838312208	0	0	0.210634080764238	0.348929996187453	0	0	0.197709994506848	0.0356171236052108	0.115319169722619	0	0.0209764513824107	0	0.0408710458734935	1.06244041531508
X31	0.198620485283102	0	0.0185191180976477	0	0.191056417770288	0.0879353896978162	0.0218621596347983	0	0.105620171796316	0.216305714517652	0.155763343796781	0	0.00431719940559969	0	0.20176942292697	1.00462066048102
X32	0.208005672323026	0.0442072640884219	0.144781058412203	0	0.059473956759181	0.0310194063550415	0	0.108334320971398	0	0.0750069051103623	0.100088932068816	0.110167099665216	0.118915384246335	0	0.156961919251857	1.03726086563994
X33	0	0	0.172305989771283	0.123570774759491	0	0	0.297644739877347	0.0271290604840702	0.0788467615163861	0.0849310245070378	0.0742044473859863	0.124857493398087	0.0165097083003116	0	0.0925038665333006	1.0378390523388
X34	0.143928376251938	0.212549839811672	0	0	0	0	0.0876915760286266	0.0328739247048765	0.18204740510442	0	0	0.340908878098467	0	0	0.0671461009947777	1.05307185991155
X35	0.0414077488971056	0	0.0021959679076507	0.115117663378536	0	0.246590361794301	0	0.31054358296442	0.269845496461253	0	0	0	0.0142991785967326	0	0.297888387153436	0.975978687294358
X36	0.0145143522395568	0.178108109734449	0	0.1145390174638	0	0	0	0.200705673659445	0.0431777685561211	0	0.174175534982615	0.252616964344904	0.0221625790191102	0	0.463685938442322	0.887018532257063
X37	0.0665576517419474	0	0.144006390528319	0.0383585391035504	0	0.165207746337672	0.456438296972111	0.0143259581418619	0.0632162474789417	0	0	0.00224788546071428	0.0496412842348827	0	0.0836899402155964	1.04827617243802
X38	0.06121393898028	0	0.1589967707871	0	0.0832089640883389	0.0228167010572063	0.461837352419698	0.0203471022019335	0	0.0440215126928377	0	0.13400070399583	0.0135569537767761	0	0.132949983861082	1.02527261579941
X39	0.225214826506146	0.0759625196024522	0.190662390892536	0	0	0.0533311422695636	0.0964519582992723	0	0.104703822306099	0.0459364640827577	0.0793145710495996	0.0126235743468933	0.11579873064468	0	0.151530747133677	1.03163408351641
X40	0.0964860628978874	0	0.292063765979498	0	0.0893942506402364	0.0629773755269445	0	0.0517777929751321	0	0	0.393344159270022	0.0139565927102799	0	0	0.111917667482881	1.03627088457685
X41	0	0	0.0503444645009961	0.0549528294243052	0	0.194859739874258	0	0	0.328113521064348	0.104348573859055	0.171675499446853	0.0957053718301842	0	0	0.135868325148339	1.02418966482152
X42	0.0654788481348045	0.173286306719023	0.143527400341215	0.180920402591385	0	0	0.233847202070433	0.0268160727650665	0.154875112352123	0	0	0.0212486550259508	0	0	0.0882611990983564	1.04014402699132
X43	0	0.313203510541027	0	0.150510738431487	0.118117015475769	0	0	0	0.16475100292523	0.0956501965612298	0.0426243136070815	0.115143222458177	0	0	0.102974891824215	1.03471660368767
X44	0.275183655983157	0.0642730903059882	0	0.234676453853708	0.0602855520218876	0	0	0	0.151118114247043	0.184449447425651	0	0.0300136586725323	2.74900326536141e-08	0	0.198179722125701	1.00453564459442
X45	0.0846471527910489	0.00224559621744674	0.094885562458107	0.0756123092717782	0	0	0.125309801122893	0.0585628892560552	0.350897864952766	0.0219596690185352	0	0.168788553393533	0.0170906015178366	0	0.164533139697248	1.01183846481277
X46	0	0.163842652721629	0.0637037683122416	0.234471759107385	0	0	0.0623460216188356	0	0	0	0.223960331665576	0.248036323869392	0.00363914270494036	0	0.133227359334711	1.02667975964401
X47	0.224467457522451	0.00868134771971633	0	0.210186577821613	0.210847990219699	0.0126486870184193	0.119075657631386	0	0	0.0117755461350843	0	0.163290155042916	0.0390265808887156	0	0.13294382613421	1.02361948646801
X48	0.0576581812811978	0.113482106922836	0	0.418506637984666	0	0	0.0974534095639972	0.00383564275183609	0.0357700654517995	0.0661039789487813	0.0202987977782591	0.172483403030589	0.0144077762860373	0	0.126150088154033	1.03044167816611
X49	0.0709138655111611	0.10007868623823	0.0490096530384887	0.137689147745188	0	0.170020653202484	0	0.029195723621551	0.0485289764366735	0	0.263839761178988	0.117006275509153	0.0137172575180808	0	0.0809767465683144	1.04030158329444
X50	0.302100869139979	0	0	0.290349894397476	0	0.190963314355787	0	0	0.0245068707979864	0.0848934128597929	0.107185638448979	0	0	0	0.0603116212909958	1.05911948601609
X51	0	0	0.227913696735346	0	0	0	0.26576817988347	0.0688233166682413	0.103672423575533	0.0513146001805156	0.0867216249853752	0.176647739278131	0.0191384186933866	0	0.0335360713870641	1.0601376770814
X52	0	0.0754082794112962	0.106759768884595	0	0	0.135132150941694	0	0	0.0586505053521113	0.0929159822374383	0.314090015995004	0.217043297177861	0	0	-0.0123190399931824	1.07666654090963
X53	0	0.0382256069770207	0.0362070887691247	0	0.112287740232564	0	0	0.0716507956865742	0.223745612566278	0.00862299972644956	0.509260156041989	0	0	0	0.0179978736729705	1.07416852953596
X54	0.030317205860531	0.270626050261294	0.0868501875407004	0.136940832891617	0	0.0812829923818561	0.305147317695676	0	0	0.0290195639585804	0.0598158494097448	0	0	0	0.0282734097634053	1.0648996346617
X55	0.0976025988441036	0.0942444160948032	0.151401870373758	0	0	0.106530104306391	0	0	0	0.0292880992828713	0.240422313489667	0.257622822648742	0.022887774959663	0	0.165940782526484	1.01061042093595
X56	0	0	0.0624031799230618	0.0873004049053855	0.151135151582985	0	0.495795682565444	0.0598076567372302	0	0	0	0.0639080073041035	0.0796499169817895	0	0.108224115143913	1.04819039814508
X57	0.191301236929659	0	0.210960336124164	0.319540646116745	0	0	0	0	0.150946086892941	0	0	0.12725169393649	0	0	0.113165616278816	1.03395969529393
X58	0.226105173501442	0.337474033091449	0.0944640813607876	0.0815365623684217	0	0	0.0956369669427309	0	0	0.105463902232534	0.0221667956239808	0	0.0371524848786538	0	0.102043136157278	1.03690578039439
X59	0.240962701500903	0.317434795975696	0.152639432022438	0.117155369345681	0.0182559029349498	0.102954511022256	0	0	0	0.0505972871980753	0	0	0	0	0.215624578549476	0.991657976342858
X60	0	0	0.183409982015539	0.0874397503712021	0.12866328338044	0	0	0.140467199926789	0.17492894707286	0	0.285090837233169	0	0	0	0.0932522884883331	1.04309741574677
X61	0	0	0	0.3070798123552	0	0.107207891528826	0	0.073702670316453	0.00884322155173175	0	0.348429939825723	0.154736464422067	0	0	0.0475863392166001	1.06388070372617
X62	0.21847916346741	0.0633970296205135	0.149570299323142	0	0.0756565272272235	0.255113040967315	0	0	0	0.0611999846343129	0	0.17061449334314	0.00596946141694365	0	0.151615448097263	1.01467044164841
X63	0.32539503920907	0.04868590841388	0	0.191254128061938	0.0268807338205325	0	0	0	0.225260076805513	0.0602047468595101	0	0.122319366829555	0	0	0.118915760948407	1.03022213613567
X64	0.0372950643726893	0.164588928699669	0.142504326175338	0.0212931570336604	0.0877232952793519	0	0	0	0.145728167757884	0.177272394272273	0.198192877319226	0	0.0254017890899089	0	0.114414055444198	1.03451493702049
X65	0.0926261889016745	0	0.100904162840393	0	0.0186764952066113	0	0.15293169593728	0.0448251910919341	0.204481437960764	0	0.362013347200225	0.0191076403618458	0.00443384049927182	0	0.129393137285699	1.02677319588812
X66	0.0938291559603681	0.158695271693446	0	0	0.145034394286339	0.146327357172193	0	0.0904308945084148	0.157075962214214	0	0.208606964165025	0	0	0	0.103930502512548	1.03407045927609
X67	0.162333921732527	0	0	0.158408703598257	0.127834986161088	0.105086693660039	0	0	0.177210299977874	0.0775428270154821	0	0.189857936720317	0.00172463113441613	0	0.183173777767596	1.00209738785251
X68	0.0811719544026525	0.326561197460188	0.092261563366917	0.117040562061264	0.0558509865572948	0.122499296810169	0	0	0.0516325779829631	0.0883966132931799	0	0.0421640069977016	0.0224212410676693	0	0.137264431191339	1.02037631362204
X69	0.138859968714142	0.156810839737014	0.106097614801713	0.144601134846071	0	0.115708084381781	0.29043869811396	0	0	0	0.00121798641152003	0.0273080396262534	0.0189576333675461	0	0.0550354773033798	1.05071131960326
X70	0.210540422183037	0.0510136448505531	0	0.276214453466078	0.247992622241484	0	0	0.0605535234128747	0.153685333845973	0	0	0	0	0	0.102218879058119	1.04012490364154
X71	0.0411043271924671	0.00974496979842261	0	0.112589675975693	0.144284698330014	0	0.0444253238899997	0.114823433377648	0.145758479386863	0.1626719464697	0.186812855857083	0	0.0377842897221106	0	0.164729837347878	1.02303823584045
X72	0.342893043549849	0.0239075624324946	0	0.00584371473853126	0	0.177576725085514	0.0528169390912583	0.119103945625371	0	0.205539632871555	0	0.0723184366054257	0	0	0.0802793940234413	1.07039933462944
X73	0	0.178446049934919	0.00179965499763747	0	0.112692363922883	0	0	0	0.0691238832031125	0.246039552226727	0.288140037791816	0.103758457922905	0	0	0.158198984386673	1.02917259818495
X74	0.246876670471141	0.0671109534696313	0	0.170074985126336	0	0	0	0.0420022673731232	0.162063843624898	0.235318734967581	0.0765525449672892	0	0	0	0.136203909290883	1.04060787243379
X75	0	0	0.240840179533493	0	0	0.124759546541116	0.217776057623801	0.00973985144742497	0.189858034312838	0.0473723343105132	0.0362027571998089	0.121959065308266	0.0114921737227388	0	0.0696108128770259	1.04437174599169
X76	0	0	0	0	0.155438450111338	0	0	0	0.209190654487315	0	0.288588268495613	0.346782626905735	0	0	0.107066180435376	1.04146870605402
X77	0.141359966837617	0	0.196110104552754	0.0322355055678651	0	0.290168846481238	0	0	0.0982059711948167	0.036622711426239	0	0.204131305450397	0.00116558848907181	0	0.0535255639952076	1.05275542535356
X78	0.126754252781909	0.284772216359544	0.0870879977170358	0	0	0.000390458872535951	0	0	0	0.111255105492151	0.258818357581652	0.130178102108927	0.000743509086245673	0	0.0322992274825461	1.06250307302182
X79	0	0	0.212752151725457	0	0	0.00736003488244587	0	0.124283039860637	0.208955067355369	0.116556853021788	0.330092853154304	0	0	0	0.206650944594084	1.00071449846206
X80	0.0429021080187811	0.166229923670269	0	0.155251430620375	0	0	0	0.36769520722843	0.0460643964313373	0.209508967412045	0	0	0.0123479666187615	0	0.459699896840098	0.9050374305644
X81	0	0	0	0.327312749724234	0.027034045364363	0.200516199690137	0.207188473147247	0.00775830017908679	0	0.0060203635995578	0	0.217953817465411	0.00621605082996321	0	0.125974501576549	1.0310619300506
X82	0.0919621554482297	0.0895041205872721	0	0	0	0.231500028591816	0	0	0.205085469343445	0.114718560434283	0.141586865381531	0.121797620367139	0.00384517984628471	0	0.0582189263985889	1.05059025331801
X83	0.0825013836790974	0.101112667856488	0	0.141252260214007	0.115628781464494	0.0809353423553151	0.20156312963644	0.0524443018986291	0	0.158271915358172	0	0.0273783307048824	0.0389118868324756	0	0.0714387882899732	1.05636706561169
X84	0.221240912512717	0	0.16073425806173	0	0.0229323518303569	0	0.350501707549208	0.0411360720956731	0	0.0193393682984849	0.169082144600459	0	0.0150331850513705	0	0.116127459277819	1.03149609262953
X85	0.209881266323013	0	0.25072270266973	0	0	0.359683098556911	0	0	0.0482480149470734	0	0.131464917503272	0	0	0	0.199428794222459	1.00280603609095
X86	0.493112134457841	0	0.0154769858446726	0	0.121164314755	0.0510506403431667	0.100215574701319	0.0443647079426296	0	0.0427757650102435	0	0.131839876945127	0	0	0.0743596810227765	1.05253675815142
X87	0	0.112155107674278	0	0	0	0	0.0652192630307572	0	0.00789477539768784	0.00911690646169238	0.535530849644901	0.270083097790683	0	0	0.162227434676202	1.02490956859251
X88	0.0992404611320831	0.197512894001324	0.125886001642149	0.0451630531787033	0	0.0484543124078164	0.00882681327102817	0	0.0384111540130027	0.0523032049012421	0.172524529628594	0.202121529138836	0.00955604668522133	0	0.051023524495994	1.04930877883655
X89	0.430548371513175	0	0	0.144073470949668	0	0	0	0.129207553843789	0	0	0	0.296170603693368	0	0	0.120649689683736	1.04283171808206
X90	0.129339622724931	0.224014093637276	0.174011843671567	0	0.035635022993588	0.101268004249666	0	0.0722359728313868	0.174265886337629	0	0.0251821151076229	0.0640474384463318	0	0	0.046052182382637	1.05456442528658
X91	0.0630866683592625	0	0.125176917352684	0.163511132788674	0.0960641047163839	0	0.116433323483542	0.125477238986416	0	0	0.0448173517243615	0.204194094246612	0.0612391683420639	0	0.0867153382464126	1.04631124649316
X92	0.0957536969938199	0	0.11124645683591	0	0	0.106553468918968	0.246335198307138	0	0.133726886445606	0	0	0	0.306384292498559	0	0.540940734540737	0.892873092172272
X93	0	0.126600093308059	0.213388258379299	0	0	0	0	0.20247764196054	0	0.256297791415215	0.159363166065601	0	0.041873048871286	0	0.363030635259672	0.952542220427812
X94	0.105616417469403	0.0223312446613761	0	0	0.330523918473605	0	0.0462318716103685	0.0775614446818074	0	0	0.221748469386359	0.195986633717081	0	0	0.0099425351374043	1.07431153357456
X95	0.2047946956622	0	0.111290066018554	0	0	0	0	0	0.12163611958711	0.244553544366064	0.297343065681811	0	0.020382508684261	0	0.252314219857121	0.987414703180687
X96	0	0	0.21471702906914	0	0.137833202215209	0.0156928519129846	0	0.18472815491492	0	0	0.0234524907635335	0.423576271124213	0	0	0.0778665020478051	1.07249559893479
X97	0.293119718307269	0	0.245473002656714	0.026097125799697	0.16001721089976	0	0.08078300019088	0	0.0640711699986048	0.0565045248552139	0.0344252474849733	0.023974156460462	0.0155348433464254	0	0.0251536687942696	1.06032588183465
X98	0.0885433104383198	0	0.15401486970952	0	0.149806940872776	0.128562478598979	0.132582438473064	0.0333548668319235	0.0828628774043238	0.0368469415136179	0.1613885957848	0	0.0320366803726763	0	0.101027250076031	1.03145465408163
X99	0.354732730876062	0.19873337885698	0	0	0.0655737210417118	0.0956492436230339	0.115507187984058	0	0.169803737618154	0	0	0	0	0	0.110435689853798	1.03297642500665
X100	0.0560917718687174	0.152557795375257	0	0.113349534139709	0	0	0	0.0385874459234827	0.130538055771015	0.0591313018245086	0.129298247595275	0.257939420832875	0.0625064266691607	0	0.176483919263221	1.00877600069872
X101	0.371831911471165	0.151864832788496	0	0.16256691002887	0	0.181478165580621	0	0	0	0.0593390153633316	0.0304542075277307	0	0.0424649572397862	0	0.110679556385231	1.03585773742008
X102	0.0361515715377414	0	0.13614715606509	0.157647989338262	0.0453311602355225	0.110951784253901	0.265069649921805	0.0704945618823147	0.0780170405345219	0	0	0.100189086230841	0	0	0.057510907921635	1.05036167084655
X103	0	0	0	0.139226403860574	0.150737208013986	0.174662926922618	0	0.0414537144233986	0	0.031278594229177	0.462641152550247	0	0	0	0.0693939396132885	1.05489603318169
X104	0.364010279849495	0.0138775935865357	0	0.113936071893828	0	0.434407722402698	0	0	0.00538687251688226	0	0	0.0531447398804385	0.015236719870123	0	0.0724017236103179	1.06089380607203
X105	0.266560551550213	0	0.294665875662259	0	0	0.0534437091274691	0.0494921232507656	0.0702827040162518	0.130050506388441	0	0.0513627197726745	0.0711858214648416	0.0129559887670837	0	0.0710420717751659	1.04584220518405
X106	0.0930021151326395	0	0.0437791935204278	0.160759076329079	0.165719916514726	0	0	0.0546125089556768	0.089088401554353	0	0.281874185109142	0.0536328638607259	0.05753173902323	0	0.10371792472042	1.03584040050814
X107	0.229826758429335	0.132903694530571	0.193994355654474	0	0	0.241542932950573	0.0948033855425092	0	0.0803740352196251	0.0265548376729127	0	0	0	0	0.107894975123761	1.03094726265349
X108	0.106520692581886	0.0856934891426664	0	0.0974510673128423	0	0	0	0.0976346130105984	0.166721097942992	0.103619633088563	0.302096545495515	0	0.0402628614249374	0	0.0348001930925662	1.06764279723656
X109	0.0857504502091411	0	0.139264351392086	0.0195526166411096	0.0403363439117442	0.0814545543308827	0.287168671302459	0.0545210365920391	0	0	0.10611170173492	0.105480390655874	0.0803598832297445	0	0.176551568515696	1.01110488074832
X110	0	0	0.175988427091038	0	0.196220347891667	0.37767623061102	0	0	0.177502997493482	0	0	0.0726119969127937	0	0	0.117326296269258	1.03712568810546
X111	0.0315775214141146	0.0508620067500146	0	0.202755862098247	0.102137445107635	0.274909643908478	0	0	0.103521494658585	0	0.0485914896610944	0.185644536401832	0	0	0.194932830653967	0.999942285361181
X112	0.134732244781886	0	0	0.0696773090103083	0.239339232878648	0.0623276180989098	0.244565701852043	0.0367637278477533	0.178077924477476	0.00278474394742955	0	0.0317314971055469	0	0	0.160554123747268	1.01394013492229
X113	0.188698228248878	0.120427219229449	0	0.279323760775128	0	0.0366314869008898	0.3499338037086	0.024985501137055	0	0	0	0	0	0	0.083500842313935	1.05103032194642
X114	0.278095626955067	0	0.0981440897807643	0	0.023646830604545	0.0491481041318763	0.256609660015291	0	0.257928386732918	0.0136024752599498	0	0	0.0228248265195883	0	0.115752609903249	1.03069887805754
X115	0.162115517030807	0.163821858824003	0	0.143866925943302	0.00221263347939144	0.0406666082641037	0	0.0726425254588006	0.238263645134515	0	0	0.145804052113953	0.030606233751124	0	0.12342264451126	1.02508344417591
X116	0.256762613785861	0.00912043123782923	0.112102936184507	0	0.125807057361576	0.110781653154141	0	0	0.0966884519338409	0.200632822354244	0	0	0.0881040339880006	0	0.14275681583165	1.04149900503637
X117	0.149029021429191	0.145114250603387	0	0.193213237930244	0	0.0810379208900914	0.0976959181458433	0	0.036796919845414	0	0	0.297112731155829	0	0	0.0583370753063235	1.0531673784975
X118	0	0.187886053041369	0	0	0.0650157797089821	0	0	0.230153178705345	0	0.0997756622741953	0.417169326270109	0	0	0	0.327751885271178	0.956635872746451
X119	0	0	0.108644723030655	0	0.121004532954103	0	0.41849409022798	0	0.143477718448244	0.076992268712829	0	0.131386666626189	0	0	0.215531804217496	0.993665564403004
X120	0.122032721627586	0	0.186156898571395	0	0	0	0	0	0.104101743147873	0.229452124528455	0.129602918960052	0.191041189948893	0.0376124032157472	0	0.170213538583341	1.02168617014193
X121	0	0	0.0278077552268545	0.0723409416424599	0	0.257273260940507	0.0988554609154135	0.0883669719742825	0.0389813459340744	0	0.413914116711397	0.00246014665501131	0	0	0.123582560610809	1.03533232002222
X122	0.198598064998737	0.133810094347978	0.117831329210528	0.224561723658898	0	0.178772412149395	0	0	0	0.0642056544778442	0.0822207211566199	0	0	0	0.0693089823101881	1.04535935717869
X123	0.253150353088284	0.284779443161188	0.0283943116183207	0.0985285674687943	0	0	0	0	0.176747201583641	0	0	0.158400123079772	0	0	0.0923506422269558	1.03792824536855
X124	0	0.124988623134238	0.300673914311446	0	0	0.066255396508949	0.483666708966473	0	0	0	0	0.0182628130513751	0.00615254402751898	0	0.189693329362224	1.00875297674223
X125	0.228338907622875	0.270774016447323	0.030594234416711	0	0	0.0760392542424595	0	0	0.128536005600206	0.163459693996854	0.102257887673571	0	0	0	0.104152077452542	1.03745434848785
X126	0.0455189926113131	0.145856388587265	0.133464213687432	0	0	0.181443171691085	0.234478051128011	0.0438278697234894	0.0275236299670974	0.0753781562840109	0	0.107107969526814	0.00540155679348112	0	0.157560004680359	1.01299339620206
X127	0.299723082556775	0.0843909152616158	0.130977661782101	0.10188681421062	0.00221275703471715	0.164543694575307	0	0	0	0.0958736971823956	0.0459464164118045	0.0691646173517175	0.00528034363294643	0	0.161534290201533	1.01051353711618
X128	0	0.0440269092965546	0.136782566940529	0.232028227192801	0	0	0.0288340093632321	0.147229954547391	0.0475163644040505	0	0.363581968255442	0	0	0	0.0203044387413678	1.07605356663091
X129	0	0	0.0163292907702096	0.261244032690004	0	0.0975425530544981	0	0	0.624884123485288	0	0	0	0	0	0.187758670404413	1.02538954945505
X130	0.0303844013988365	0.531491890037477	0	0.181402195848976	0.192020093024393	0	0	0	0	0	0.0350024205802548	0	0.0296989991100619	0	0.0506346624325941	1.06889383179058
X131	0.187609288987278	0	0	0.247712141845517	0	0.0490632501046986	0.174581546019517	0	0.28166687955607	0	0	0	0.0593668934869191	0	0.0223798554325253	1.07641190789873
X132	0	0	0	0.0872465370508996	0.300234669594351	0	0	0.0901823674540203	0.204145135967658	0.0443806043229809	0.216274073930697	0.057536611679393	0	0	0.0729916026910495	1.04975998218429
X133	0	0.146261990312644	0	0	0.211528672201882	0.124615407585517	0.253440500138301	0.0415878728199778	0.035086616705867	0	0.187478940235811	0	0	0	0.0426294843275128	1.05989268579973
X134	0	0	0.0866122878520827	0.183466036765075	0.0414068908989974	0.183498921768379	0.159125232209154	0.111377227538112	0	0	0	0.192323285814233	0.0421901171539686	0	0.105357878995481	1.03716882927429
X135	0.0412507663575372	0.168254836117863	0	0.0179079124538697	0.145619539271348	0	0	0.0847299963763223	0.144781702374344	0.00966014393577818	0.124674269335986	0.157565508548105	0.105555325228845	0	0.130608704335791	1.03775049376038
X136	0	0	0.156543629621866	0.212798183297623	0	0.366394205008408	0	0	0	0.120387691411159	0	0.125864951956981	0.018011338703964	0	0.177783550407305	1.01207448058525
X137	0.057894782271943	0	0.175321877646211	0.19547869259836	0.0724076994780811	0.198833162800089	0	0.0709450042200605	0	0.128585880896458	0.0878299243309548	0.0120878358616696	0.000615139896173146	0	0.107634858674088	1.0382188968274
X138	0.192044320690902	0.266165444605502	0.0229591974138206	0	0.195912376754941	0.156231569990386	0	0	0.108348030027643	0.0547422203389408	0	0	0.00359684017786525	0	0.0240291103407533	1.06041683541592
X139	0.493638154391379	0.219397291130783	0.020049706911235	0.0304288870055073	0.0412964028579205	0	0	0.0334266326410258	0	0.0780359189515763	0	0	0.0837270061105728	0	0.442195380482939	0.896781989300131
X140	0.104071917065212	0.112077851089749	0	0.140325009868146	0.202538783442819	0.128632790924021	0	0.00301868284156187	0	0.152617697891761	0.0102232127566096	0.146494054120119	0	0	0.0683916612874947	1.04979786025719
X141	0.0843741274109158	0	0.116139045427565	0.127736447932245	0	0.109828465617776	0.332355615187967	0	0	0.114922704195768	0	0.0692340152646166	0.0454095789631455	0	0.171723872668742	1.01137597477143
X142	0	0.269821303284599	0.0997497380137409	0	0	0	0	0	0.24897317648919	0.124794742947397	0.175974472642533	0	0.0806865666225401	0	0.0982453003524687	1.05021282039673
X143	0.168520054216165	0	0.0566579039903466	0	0.0580802163611261	0.261138129710905	0.0893431303629799	0	0	0.261566564438667	0	0.10469400091981	0	0	0.385401297963269	0.925781033411269
X144	0.0909842822784264	0	0.304499524289656	0	0	0	0.0975380830929765	0	0.0497306079634367	0.144556779737947	0.123873600888265	0.188817121749292	0	0	0.12774900112739	1.02846368363841
X145	0	0.0599597430174979	0	0.152313801613744	0.0232901749646541	0.360667169131525	0.0655999104462114	0.0539365756130988	0	0	0.0171470618369361	0.267085563376333	0	0	0.149044398139636	1.02289279200851
X146	0	0.0631817648776823	0	0.0450133146729048	0.0289309664648401	0	0	0.112135779071061	0.379535689181277	0	0.246310956206627	0.124891529525607	0	0	0.154329848433224	1.02039502649924
X147	0	0.148758608011555	0.240824313440862	0.155841176481794	0	0.00899404213433749	0	0	0.180370327923715	0	0.265211532007736	0	0	0	0.0914265139347095	1.04121030342711
X148	0	0	0	0	0.114493094669676	0.00483804161565629	0	0.063234540698184	0.280457937229366	0	0.438326318789148	0.0986500669979699	0	0	0.128607804770827	1.03030890580799
X149	0	0	0.153801320248359	0	0	0	0	0.0718282875977933	0.222527528645693	0.0702579370998422	0.291834721229447	0.185647828405226	0.00410237677363984	0	0.197444673128698	0.998659297348233
X150	0.256308725188991	0.0515672838199893	0.0665741595925474	0.20040906051764	0.000976103302332668	0.113370619706426	0	0.0831014847668233	0.0347821972881209	0.0290399532444605	0	0.140155749258532	0.0237146633141374	0	0.130943875413859	1.02277751209178
X151	0.0704921685269096	0.0190474977117163	0.328118499368423	0.104709083749162	0	0	0.0473002850860747	0.025773434317653	0.185487293658125	0	0	0.206882573807145	0.0121891637747912	0	0.14571492229563	1.02115831939755
X152	0	0	0	0.0349342227266597	0.0134531706234504	0.177952402621448	0	0.0597687873924307	0.0886642408402579	0.0244703398111594	0.410153163387086	0	0.190603672597508	0	0.149953531420479	1.08752521746117
X153	0.0714137096082614	0.229551318590926	0	0.187515019084973	0	0	0.447790079564116	0	0	0	0	0	0.0637298731517236	0	0.102575583769228	1.0479628183498
X154	0.366586209756469	0.0968872300574343	0.178015123989695	0.0550011903980266	0	0.144915716495079	0	0	0.116916342161787	0	0	0.0399283068087674	0.00174988033274106	0	0.184493770619974	1.00369241843708
X155	0	0	0	0	0	0.0174579870284159	0	0.0869949396853587	0.379811510553635	0.0339533265054005	0.303682742097645	0.121340717581264	0.0567587765482809	0	0.0390180871767964	1.06877857048167
X156	0.0442243747954716	0	0.24931177177379	0.0352628320625966	0.00463289857075294	0	0	0.20624818310607	0.204316206419544	0.126890083253134	0.0772614482812536	0.0518522017373877	0	0	0.0624410648382915	1.07434509387962
X157	0.232695061235111	0.00923038753906619	0.178496852616804	0.133887486127126	0	0	0.169093484156991	0	0.184049333600433	0.060242536980352	0	0	0.0323048577441161	0	0.0732214302349879	1.04299183987361
X158	0.187127308396574	0.103407479787003	0.0898189772029149	0	0	0	0.0341217156438132	0.152683149887216	0	0.106257792029875	0.192093052310497	0.105467132106748	0.0290233926353593	0	0.100349520749059	1.04484663817124
X159	0	0.099598871138647	0	0	0.220307127076063	0.179225340119817	0.286103076814531	0.0651314832554073	0.142039043961439	0	0	0.00759505763409582	0	0	0.089801473932961	1.04379749126177
X160	0.315623656181412	0.212197284384034	0	0	0.118027902631685	0.0676700279237082	0	0	0.286481128879161	0	0	0	0	0	0.159576468379197	1.01477777010526
X161	0.035881239426552	0	0.0725329946204148	0.0810911852137082	0.0998823879322553	0.0468412564046015	0	0.0111154765839176	0.10364959030426	0.168948801448546	0	0	0.380057068065745	0	0.814870375139006	0.634639371662955
X162	0.280674198377151	0	0.13100622879916	0.192693446756559	0.0308346588638082	0.158931986173078	0.0255776193684435	0.0536591659618762	0.126622695699923	0	0	0	0	0	-0.048649762145282	1.09059506157376
X163	0	0.461767271274442	0	0.134066318417545	0.00447357632338003	0	0	0	0.0798311751976213	0	0.146599564298091	0.126252834363492	0.0470092601254285	0	0.0706438085845386	1.05376667305615
X164	0.167090977415125	0	0.0941281686710333	0.0737976490401037	0.20213718064599	0.122385783649438	0.105762507390379	0.0207474358748784	0	0.0401547752218376	0	0.173795522091215	0	0	0.0190493462724613	1.06117014402179
X165	0.209359433730608	0.0981306711428067	0.0102120529785131	0	0.352166603641219	0.164952049343797	0	0	0.0992114147355944	0.042071968305287	0	0	0.023895806122175	0	0.010267744834263	1.07043403554252
X166	0.0884251770133088	0.0358293531451009	0.0779541958358147	0.118877308756105	0	0.000384560104044212	0.397337932033233	0.0411895521471473	0	0	0.0327142490668942	0.177844712668817	0.0294429592295358	0	0.0282408890353063	1.06468244485446
X167	0.159166270936629	0.0718066781160534	0	0.181819721368508	0.166196007166853	0.167836598119745	0	0	0	0.0437968762723165	0.0688274331420984	0.136447833821919	0.00410258105587871	0	0.133615462225495	1.0199116761761
X168	0.338973948202885	0.263857629380508	0.000298383004149449	0.199337953781355	0.0851082406352491	0	0.00119549030230161	0	0	0.0193092681561118	0	0.0875252408582332	0.00439384567920711	0	0.0931136045610445	1.03945067342525
X169	0.0288367797672042	0	0.146547911710388	0.0245986154498476	0.0144529051431893	0	0.31355153188458	0.091921297662007	0.16982920210265	0	0.210261756280134	0	0	0	0.13614634506541	1.02498241768902
X170	0.122026977861572	0.176270663844498	0	0.15250853384095	0	0.104850972489708	0	0.350143407748962	0	0	0	0.0941994442143107	0	0	0.297324076627874	0.980862725364173
X171	0.175209490524606	0.148170266897946	0.0268862936728313	0.183521795294857	0.0730329761652929	0.100761562541878	0	0	0	0	0.107604308398933	0.184813306503656	0	0	0.152961320856913	1.01455600843533
X172	0.260410712622673	0.144534578938938	0	0	0	0	0	0.00216141281186706	0.273162864372021	0.0917159100006337	0.0257972446631497	0.202217276590718	0	0	0.115327675233425	1.03069486732358
X173	0.192356627974887	0	0.0822435355496493	0	0.0686530730297238	0.186941692262376	0.288257952325368	0.0661482297802939	0	0	0	0.09900704406244	0.016391845015262	0	0.127848878791008	1.02420339291387
X174	0	0.141997071630402	0.0598168011862917	0	0.0702310334677752	0.102573957058413	0	0.101779197747713	0.115096960999156	0.0155617810752118	0.200404776550839	0.157760323405294	0.0347780968789042	0	0.107762286071454	1.03132789189979
X175	0.147788024671667	0	0.269578024460158	0.241791581129657	0.112314883603131	0.182414321489335	0	0	0	0.0429986274579996	0	0	0.0031145371880527	0	0.148163088171719	1.01980784876844
X176	0.261253211615531	0.0798117118135443	0.283145419604198	0.0351498997095411	0	0	0.0812268416768439	0	0.108595814102606	0	0	0.13249646740092	0.0183206340768155	0	0.213324777652904	0.991540349010083
X177	0.00542930710867374	0	0.0770062100569475	0	0	0.0522487863878148	0.573032838289357	0.0140612770739422	0.0815040250178033	0.0121489431469461	0	0.184568612918515	0	0	0.115176297319055	1.04023327271402
X178	0.147080050380942	0	0.225896986418424	0	0.0464788195188111	0.229955794880208	0.121297546148812	0	0.0501478658187774	0	0	0.156492066551797	0.0226508702822289	0	0.0666054663939328	1.04622000427382
X179	0.136891736701116	0.186700884147119	0.0976109758087703	0	0	0.0353715437709406	0	0	0.268402182765025	0.0695722167169718	0	0.205450460090058	0	0	0.0221164237718576	1.06141894211322
X180	0.166766523694892	0	0.0141626923821843	0.022738838088169	0.130321176294207	0	0.350295249817083	0	0.00605193719983018	0.0505013603497957	0.241783853246606	0	0.0173783689272326	0	0.047104979339566	1.06107421372548
X181	0	0	0.0687765028701106	0.142986003813864	0.0559421979224955	0	0	0.0885349611545497	0.049862424083805	0	0.570919675461829	0	0.0229782346933464	0	0.116895231066663	1.03928994505545
X182	0.393259809256237	0.284801874382471	0	0	0	0.113623825574452	0	0.00131040005413875	0.139012964900687	0.0518446314333986	0	0	0.0161464943986159	0	0.123737953421536	1.02801004868526
X183	0.211343760229172	0.233431676770344	0.272687718487521	0.106086079796994	0	0	0	0	0	0.0277808275169682	0	0.102576537077272	0.046093400121729	0	0.161283422855076	1.01466669839682
X184	0	0.131697331526665	0	0.186472905160525	0.255741139634137	0.165868935932074	0	0.0370503991785967	0.128729688005901	0	0.0653789610696074	0.00723139491168657	0.0218292445808064	0	0.0915172878519975	1.04020515307456
X185	0	0.316097481726256	0.118035489170378	0	0	0.0528462842956725	0	0	0.0691108593797655	0.0258166305620053	0.341639241203272	0.0764540136626502	0	0	0.133685078441626	1.02522077207616
X186	0.155185834033349	0.149908991689748	0.103128972639823	0.131852325916024	0.0681642844613416	0.112087243522991	0	0.0503109884877533	0	0.122848414089955	0	0.106512945159016	0	0	0.0237581970251768	1.06348515903528
X187	0	0.197363687723497	0	0	0.317367008464646	0	0.102685020356165	0.08437257478603	0	0.0146406414512244	0	0.239713590695676	0.0438574765227611	0	0.219500929166547	0.996126828616579
X188	0.169064339551005	0.140329524276487	0.165125039569585	0.308407871751484	0.106113981191188	0	0	0	0	0.0140224586100873	0	0.0847640750556342	0.0121727099945288	0	0.168648160363289	1.01011445143497
X189	0.268239466582866	0.0755765758707184	0.0850400789964443	0.0862080716554119	0.0659553839579581	0.0141162378542858	0	0	0.179004225068586	0.0756477637372268	0	0.150212196276503	0	0	0.142058232334943	1.01588115024702
X190	0.0536297582494909	0.0597886196380079	0	0	0.187148687541098	0	0	0	0.0829654491340628	0.193208124115915	0.423259361321425	0	0	0	0.167216370436336	1.02041680523163
X191	0	0	0	0.289201507336493	0	0.0154646255400806	0	0.000878949347150331	0.463953251485146	0	0.0537958367647527	0.13958000438804	0.0371258251383364	0	0.176944530597614	1.01811568774194
X192	0.213883327518921	0.0363879256595299	0	0	0.0367835366875546	0.144643269746029	0.102817198228161	0	0.25173066551421	0.0711010017935691	0	0.142653074852027	0	0	0.0513848158388794	1.05138778777345
X193	0.00679003865296528	0	0.151570892840686	0	0.188058671731761	0	0.230879627542956	0.012878517506646	0.105524915238432	0.0627086910262131	0.205371379080856	0.0198142208695578	0.0164030455099254	0	0.157746990056445	1.01254096755518
X194	0.175263483430612	0	0.119545441183838	0	0	0	0.361748450894164	0	0.129570724400395	0.0635541466518484	0	0.150317753439143	0	0	0.111118695125258	1.03118021791263
X195	0.137844082473501	0.557413879626481	0	0.141656353039384	0	0	0	0	0.0389140994580973	0	0	0.108866327848398	0.0153052575541382	0	0.14422505129973	1.02744832074412
X196	0.216118146881783	0.18292180496745	0.0327017630535993	0	0.225777104256648	0	0.117171812688132	0.0112370196599409	0	0.0287090845102448	0	0.177692662484677	0.00767060149752564	0	0.126705349346995	1.02392275300881
X197	0.100815609508359	0.0260455173938047	0.22515978540935	0.0248732391794787	0.165891416392505	0.170485569857471	0.236371154686029	0	0	0.0188028775859228	0.0245544139801859	0	0.00700041600689487	0	0.231457158269729	0.985232226961575
X198	0.272075853077854	0.332002342440271	0.238306641918611	0	0.00701481480332063	0	0	0.0215749461677652	0	0	0	0.129025401592178	0	0	0.213674768086498	0.99681050611382
X199	0	0	0.117595025670926	0.127529608738327	0.147930831726493	0	0.0440821782311501	0.0612267247962424	0	0.0539491155709162	0.302055762073834	0.124836335865171	0.0207944173269405	0	0.155065152490861	1.01389496164614
X200	0.134280579522104	0.311558274562311	0	0.107747782791712	0.0241617823246063	0.16060331583831	0	0	0	0	0.217330970370376	0	0.0443172945905816	0	0.0474949010024212	1.05864850114133
X201	0	0.457708741318875	0	0	0.346812805975292	0	0	0	0	0	0.0665767999442224	0.128901652761611	0	0	0.152746606417635	1.02956501703232
X202	0	0.289981627647331	0.1260550477288	0.208588339582745	0	0.131616533980449	0	0.00147999816100099	0.17685035332305	0.0297525433766282	0.0310412529397837	0	0.00463430326021197	0	0.0734595634443555	1.04603479070712
X203	0	0.0997174023348014	0.181262891016943	0	0	0.0383248186049485	0.162864965215564	0.0213300330345181	0.324048167921646	0	0.172451721871579	0	0	0	0.135348254906715	1.0241913903744
X204	0	0.113302961631834	0.0497360298601524	0.18948161059159	0.019097253398946	0.157596501146791	0	0.00574932844653318	0.188073720336527	0.0208748622317167	0	0.253083790847285	0.00300394150862588	0	0.120346079187149	1.02731088027592
X205	0.0804755176427353	0	0.081485323534683	0.0246333114593658	0.156108023659124	0	0.385155349527853	0	0.164956028551565	0.0967899641669978	0	0	0.010396481457676	0	0.0861025577527733	1.04439456818378
X206	0.3903714503342	0	0.0283032822957192	0	0.38759690206184	0.0581692337041127	0	0	0.00852156758979514	0.127037564014332	0	0	0	0	0.0760024513442009	1.05571368002123
X207	0	0.108463333698955	0	0	0.24765072922934	0	0.185391115523103	0.145480842984666	0.219945244829319	0	0.0378724866089121	0	0.0551962471257044	0	0.064935100242056	1.06154142963562
X208	0	0	0	0	0.236158845234089	0	0	0.100433297357582	0.143285686807477	0.0322186783016583	0.405215199645585	0.0486039123726056	0.0340843802810035	0	0.105861136999791	1.03720045569953
X209	0	0.252002761737594	0.0838357059448859	0.364222273340351	0	0	0	0	0	0.0333769486817118	0.24530988549138	0	0.0212524248040786	0	0.174211580289619	1.01271646575216
X210	0.409440037038128	0.199173792640061	0.0677082211988954	0	0	0.173185715600227	0.150492233522688	0	0	0	0	0	0	0	0.15039960373635	1.02105451120695
X211	0	0.0945174850961303	0.187463321484644	0	0	0.0655707607445034	0	0.178441503328043	0	0.0148323764332313	0.408336031524849	0	0.0508385213885993	0	0.135609861573007	1.03566169205088
X212	0.184163804006497	0	0.139349747733475	0	0	0.0658231992816895	0.341388476225113	0	0.110197677421914	0.0600229087577437	0	0.0990541865735674	0	0	0.0460073627271208	1.05293148409671
X213	0.0774514709194875	0	0.1128112409445	0.176956523687859	0	0	0	0	0.41900021976848	0	0.164358712458377	0.0494218322212968	0	0	0.0919150664278878	1.04666013856802
X214	0.0383284763146373	0	0.104269631271655	0.167979558082318	0.253538910686587	0.130782636281641	0	0.0159659203251424	0	0.0770371162453255	0	0.208074225492069	0.00402352530062456	0	0.165212460352133	1.01222859129871
X215	0.0584110079831252	0	0.388091459207006	0	0.0977007581320275	0	0.107220698332978	0.0875320668482021	0	0	0.248705955674411	0	0.0123380538222516	0	0.145561498654841	1.02563834328298
X216	0.0437920066848635	0.088438029738966	0.10881113169741	0.191919194562129	0	0	0.303138588300776	0.0604718437567083	0.0697117349323916	0.0246087239525822	0	0.0692601432560618	0.0398486031181114	0	0.112308309975452	1.03177109580097
