Mixture	Oligo	VLMC	Astro	L4_5_IT	L5_IT	L2_3_IT	Endo	L6_IT	Sst	L5_ET	L6_CT	Peri	PVM	Micro	SMC	L5_6_NP	Vip	OPC	Pvalb	Lamp5	L6_IT_Car3	L6b	Sncg	P-value	Correlation	RMSE
X0	0.0114946960277707	0.103120912701742	0	0	0.278985616399997	0.136394335278251	0.0180910249886229	0	0.0177946948448212	0	0.0426216773973	0.068762459800012	0.0294408142873427	0	0.013338959521474	0.0447532225717561	0.0418648267748889	0	0.0786817343376003	0.0218612439813402	0.0328947866529458	0.0171414138719411	0.0427575805621948	0	-0.00455471837291278	1.10163016044681
X1	0.00483986196622889	0	0	0	0	0	0	0.0285506907405736	0.0504732856597533	0.0146049115884858	0	0	0.361849533829672	0.534217786920075	0	0	0	0	0	0	0.00546392929521086	0	0	0	0.306631448191561	1.16689144939682
X2	0.061553812179963	0.0214373825873448	0.0392504009350128	0	0.454523655350167	0.165718427773481	0	0	0	0	0.0339189534071991	0	0.0950585486537925	0	0	0.0160913848746178	0	0	0	0	0.0350473485282296	0.0503634472917773	0.0270366384184147	0	0.217776186246653	1.01883012069155
X3	0.111113828216039	0.0770141350746358	0.0704222749340979	0	0.0267004871075299	0.0325654852932479	0	0.0922975233639318	0.0344016224769668	0	0	0.0543579197535596	0.0726633948807245	0.0236469046666744	0	0.00257345760830811	0.0962849931287127	0	0	0.129358147690078	0	0.176599825805493	0	0	0.210495794424962	1.00040220220609
X4	0.0121503770741934	0	0	0	0.359886078186522	0.0701300957080197	0	0	0.0869108747201298	0	0.0901168330719038	0.0254288257508596	0.0826934025713783	0.0557563575548206	0	0.060711796376482	0	0	0	0.000953217802237219	0.0651970400518823	0	0.0900651011315708	0	0.152563939642082	1.03545118169299
X5	0	0.0407356079075287	0.0746013046397273	0.0759600227595149	0	0	0	0.0963622096571025	0.0712010573498545	0.00237694114394194	0.0256852514698579	0.555432890616603	0	0.00421796096730417	0	0	0	0	0	0.0469921251886547	0.00643462829991044	0	0	0	0.0801611493327173	1.32364352989425
X6	0.0054791032834309	0	0	0.0858139753291914	0	0	0	0.0894400393143723	0	0.0128360692876466	0	0	0.00803943140638282	0.57390405730627	0.0367081588632815	0.0556041403365123	0.0629472494032181	0	0	0.0658404681924985	0.00338730727719567	0	0	0	0.063412048163744	1.28033437105638
X7	0	0.0280607715480649	0.0293554257201665	0	0.442654756629354	0.149659033444037	0.0696808600724683	0	0	0	0.086400793583468	0.0105818562341417	0	0	0.0282934511884073	0.0312406986470652	0.101691627456304	0	0.0223807254765223	0	0	0	0	0	0.138443891383051	1.05358493932991
X8	0.0545272810478361	0.0633138040728689	0.0326944125752334	0.219758047989187	0	0	0.157731550543143	0.102647167264848	0.0375575210264288	0	0.0579737877085836	0.0667169391895033	0	0	0	0	0	0.0454348908832368	0.0505964686496829	0	0.0515729915669751	0.019919346980967	0.0395557905015062	0	0.258395255290765	0.988426542301135
X9	0	0	0	0.16189375610112	0	0	0	0.283071068817417	0	0	0	0	0.458415306591894	0	0	0	0	0.0206383045583302	0	0.074340639338631	0	0.00164092459260714	0	0	0.751934876456709	0.660912103048194
X10	0.0946036078769483	0.0296385660043197	0	0	0.154762053076425	0.125872806541737	0.0418571059029167	0	0	0	0.100008383103181	0	0.0190119402864708	0.0302413343811464	0	0	0.0299001305913871	0.0423340661827242	0.0663895236094064	0	0.159184561784886	0.0733181866639117	0.0328777339945407	0	0.35879220210192	0.935295739089073
X11	0.0427697348420055	0.0137872988708557	0.0503257447894858	0.238025660588473	0	0	0	0.222272444920413	0	0.0798736927423721	0	0.00966224601460898	0.117797293767795	0	0.021710203075468	0.0166091808603773	0.0861021503941792	0	0.0362191026264873	0	0.0146148091083552	0.0363782542437816	0.0138521831553411	0	0.184186147324963	1.01986846822876
X12	0.0261003723157599	0	0	0.0777142982075792	0	0	0	0.0732007164923019	0	0.0331180552499298	0.00054459016829138	0	0.664027917274661	0	0	0	0	0	0	0.00642296820712922	0.00132978854237045	0.0129558015295988	0.104585492012378	0	0.828354935026851	0.563323973078476
X13	0.0711500488502639	0	0	0.242799223780942	0	0	0.0207088007370553	0.189606248076985	0.00998743248255403	0	0	0.0278439266073513	0	0.036617379104371	0.0201824368540706	0.066000009289285	0.035225414435169	0.129506618619871	0	0.131938359273714	0	0	0.0184341018883672	0	0.123320315330239	1.04586694217924
X14	0.0082236300586902	0	0	0.0865774370862436	0	0	0	0.156696756224471	0.0747309781069043	0.0385925767699282	0	0	0	0.461373882513136	0.110180624799311	0.00863385268741384	0.0549902617539017	0	0	0	0	0	0	0	0.100438092455834	1.17712652462973
X15	0.0195882058969288	0.0118419298570149	0	0	0.0257313822211721	0.135286641446608	0.0619102319795156	0.39503639348388	0	0	0	0.0401840488065959	0	0.00473012653479865	0	0.0213074127860753	0	0	0.105172488380621	0	0	0.0203440425849096	0.158867096021881	0	0.632371303554515	0.780076007801897
X16	0.00569598945027726	0	0	0.010500391436997	0.00998438536339873	0.0264030077811932	0	0	0.0247946505073793	0	0	0.149574298495124	0.726830887425883	0	0	0	0	0	0	0.010807772186671	0	0.00177338919718876	0.0336352281558876	0	0.627971958220359	0.90702641904361
X17	0	0	0.138760864202463	0	0.251477895274126	0	0.0207452575633379	0.0144960162753944	0	0.0465736883071022	0	0	0	0.00548474152595074	0.0173081319439408	0.227889586563177	0.129464823563135	0.0334488772734453	0.0453578347480296	0	0.0333668293416391	0	0.0356254534182587	0	0.243233849232131	0.99653736879344
X18	0.0198124894228112	0	0.0133814454774025	0	0.531288236227258	0.115821914267115	0.0251559380659437	0	0.130236115809698	0	0.0394998986329657	0.0124496642256687	0.00401840955972781	0.0290367446496593	0	0.0441176485261583	0.00377651333696978	0	0	0.0314049817986216	0	0	0	0	0.353227551432877	0.950389557287627
X19	0.02543564426706	0.046608013540285	0	0.285504526880706	0	0.0411042408756111	0.0392247723194032	0.145088725620446	0	0.102520460510763	0	0.0303401634896867	0	0	0.018819712148446	0	0	0	0	0.066799550526046	0.0382675955192638	0.0483964789434617	0.111890115358821	0	0.510075302194576	0.859124246255174
X20	0.0321099459949755	0	0.0116527717679642	0	0.189363878551486	0.345773172830963	0.0550322387887543	0	0.0347910904636099	0	0.0658123728698246	0.0433413210302144	0	0.00784078325844499	0	0.0152201132653353	0	0	0.0927610773428804	0	0.0908888983380332	0.0154123354975142	0	0	0.469538664062563	0.881381801986133
X21	0	0.0408833190858976	0	0.317131724152556	0	0	0.0454469033846417	0.134297096551007	0	0	0.091031505510639	0.0106820603983752	0	0.0283867640687648	0.00166667437098255	0	0.0952780768748421	0.0647366391134176	0.0562749546255735	0	0	0.114184281863303	0	0	0.102127899416188	1.06204466922837
X22	0.0145934637985482	0.15341992058814	0	0	0.327534050755352	0.118926608494965	0	0	0.0902890144588744	0	0	0.000861497037962353	0	0.035116645892674	0.0314187001041129	0.047553461433111	0	0.0293792501742604	0	0.0209627426968693	0.0445189450450296	0	0.0854256995201002	0	0.205904948631293	1.00988182483649
X23	0	0	0	0.217868955539696	0	0	0	0.184724788275661	0.0269376135628169	0	0	0.0264716709351525	0.0660129780102373	0.000721370992781015	0.00799874791496619	0.114143445024324	0.000822058697484071	0.0539432209202034	0	0.237614352155088	0	0	0.0627407979715889	0	0.247300245488943	0.98986792863431
X24	0.0201138603718762	0	0	0	0.35415283219667	0.0713102176771842	0	0	0	0.107194590124818	0.0142924966071674	0.00183868084789762	0.000534169083159306	0.0137108738489002	0.0271030495855522	0.144336229160535	0	0.0366158095946574	0.0811303590630837	0	0.0599934103629368	0	0.0676734214755617	0	0.552536343068208	0.833033617773293
X25	0.157824978636035	0	0.112263443872165	0	0	0.0676164724607096	0	0.32359127412851	0	0	0	0	0.144194175264387	0	0	0.0404636553836019	0	0.0490223752209208	0.0308711450019145	0.0741524800317556	0	0	0	0	0.053761407513493	1.08042273284774
X26	0.0455615432824008	0	0.0524776716902468	0.0269113400704169	0	0	0	0.541988519509001	0.0426766191434013	0	0.0198562769506878	0.00556819048400726	0.0679866173225218	0.0125975470992543	0	0.019647958477706	0	0.0697368525638665	0	0	0.020424976079459	0.0244370457464065	0.0501288415806239	0	0.361332809882271	0.943864604086932
X27	0.0573597522486884	0.0111461648956101	0.0185101890664962	0.247096769628466	0	0	0.0609101306999778	0.0982042163676135	0.0395236379911252	0.0362665422043442	0.0696619455190624	0.0145436287507627	0	0.0528742689127932	0.154027684296206	0.0136167831485751	0	0	0.0154171099550931	0	0.0283187715056561	0	0.08252240480953	0	0.0546915183674997	1.06685449293409
X28	0	0	0.0477076791435282	0.342491906739634	0	0	0	0.281043365133595	0	0	0.0116335479557786	0	0.0369353759183852	0	0.0200377745886736	0	0.0579582615451903	0.0152181386924557	0	0.110499158860911	0	0.00820368644383099	0.0682711049780177	0	0.387121856891167	0.928721600671681
X29	0.0237042776865939	0	0.0170273095297069	0	0.348605410154313	0.157132431789575	0	0	0.120564663622118	0	0.027721877102183	0	0.093437441802849	0.020980648188355	0.0810698575657676	0	0	0	0	0.0162242145895377	0.0312951761193411	0	0.0622366918496593	0	0.0398157692173129	1.08276868779745
X30	0.0102648920488149	0.102766426868557	0	0	0.137562859014633	0.16057002463372	0.0113959317068794	0	0	0	0	0	0.00544057942122321	0.0301918380508062	0	0.385697958658753	0	0	0.0543882700100611	0	0	0.00617380016289172	0.0955474194236602	0	0.473528956708108	0.882042051016452
X31	0.0338935940708161	0.063987137193898	0.0712337677406238	0.148260758930282	0	0	0.106538332232282	0.0984952200179875	0.0775812208865704	0.0581747104956263	0	0.047372794767419	0	0.026161692087975	0.0624245665301914	0.0750901557293836	0.0736224428871556	0	0.0146172069589897	0.0182101393059138	0.000667027239992121	0.0236692329248936	0	0	0.0562308215406022	1.06626155951994
X32	0.0340297102460798	0.0647290513607683	0	0	0.382449491339704	0.110856164118598	0	0	0.0283690098570974	0.0140824250782927	0	0	0	0.032399665183062	0	0.0354143604199743	0	0.0375261287405376	0.0288725890166587	0	0.0341014394721886	0.0308872794425068	0.166282685724532	0	0.403087160237177	0.918365423202682
X33	0.0302158984962769	0.0174435830558765	0.111069859832665	0.221948971791492	0	0	0	0.202363698315035	0	0.130102936448345	0.0081504164385186	0	0.0337280775898469	0.0477117139446906	0.0585630907705466	0	0	0	0.083130066627911	0.0168575036511736	0.0281779503769225	0.0105362326607001	0	0	0.147416020521385	1.03392836328772
X34	0	0	0.0125306855812596	0	0.421216659542854	0.232687056394739	0	0.0581748637997501	0.00917426474956413	0	0.0370857433544193	0.0820798728241881	0.0281155880693518	0	0	0.0542417907025341	0.0421140519455575	0	0.0142257926779305	0.00835363035785136	0	0	0	0	0.159498608915065	1.05744562679214
X35	0	0	0	0.0517572795876656	0	0	0.00473738513818535	0.18217501604494	0.0358891674347786	0.00615354767907328	0	0	0	0.00643612786412192	0.0873510644757413	0.36565048564905	0	0	0	0.0594351376894403	0.0103228502764385	0	0.190091938160565	0	0.304841248663527	0.981078011491772
X36	0.0381479219517881	0.0504172808839294	0	0	0.200698973106397	0.229025465083688	0.0227499819569314	0	0.133613765263551	0	0.0653805393888305	0	0	0.0275973618811151	0.0170847238207014	0.137961194670516	0.0694679489197864	0.00785484307276465	0	0	0	0	0	0	0.269128487105044	0.978190257275962
X37	0.0940691524103743	0.0662963055742506	0.0267276371995501	0	0.355907747690989	0.107157198991179	0.0628593707104948	0	0.0564610500748323	0.0675410858968545	0.0263499937969668	0.0230571109522416	0	0.00846027335430009	0	0.0539499255937605	0.0171184620471847	0	0.0241227996819836	0	0	0.00992188602503874	0	0	0.197011036098026	1.01587649106498
X38	0.0175093210674296	0	0.235518957093508	0.380269667358704	0	0	0	0.0479273930853226	0	0.0127606614301219	0.0268205292737401	0.0372476800162638	0	0.00407164034730362	0	0.00946114178363902	0.0756595929346169	0.0221505448904916	0.0650859053901329	0	0.0494424052094122	0.0160745601193136	0	0	0.203167690310553	1.01834746202666
X39	0	0	0.0755999091729663	0	0.0738915327063823	0	0	0.150319423714076	0.0523533999584772	0	0.0143944836420248	0.504810551872633	0.0322450475174667	0	0	0.0015815416179602	0	0	0	0.00274465658227048	0.0920594532157436	0	0	0	0.162682280178606	1.22156116030465
X40	0	0.031172973035903	0.219846606073047	0.0357134752609348	0	0	0	0.342168427768955	0.207692712754924	0.0505056089185147	0.045605081315731	0	0.0143025322264699	0.00491978120825374	0	0.00615029679954237	0	0.0195638807091418	0	0	0	0.0223586239285825	0	0	0.436215864377564	0.898807745224852
X41	0.0264621552349943	0	0.378935370635388	0.100675914228421	0	0	0	0.136699574188515	0.0628354620752455	0.0268009492373032	0	0.0127811052145006	0.0880327494757412	0.00758109605230161	0	0	0.0101882285990878	0	0.00278205714390219	0.0259387424934402	0	0.12028659542116	0	0	0.294104729389404	0.973735059250409
X42	0.0126709889837523	0.0107464726124058	0	0.183182564100396	0	0	0.0289044525487132	0.300540508650904	0.098124735004087	0.00992531334632338	0	0.0155338492472173	0	0.0286890723198743	0.0376500743201501	0	0	0	0.00938215584671539	0.0674553802820079	0.103920753950228	0.0118956149303567	0.0813780638568684	0	0.218885205537775	1.00633783576039
X43	0.00998698896757033	0.0207675653882126	0.0113035256841877	0	0.292553959581488	0.195349877494807	0	0	0	0	0.0240657486852706	0	0.0926515653338892	0	0.0167648345154182	0.120400511601778	0.129435767788629	0	0	0	0.0256865390890851	0.0610331158696641	0	0	0.286287744872046	0.974753231359999
X44	0	0	0	0.06610212392703	0	0.00955198513711041	0.39745404051854	0.0199034500932126	0.0106764205504066	0.137886958221078	0	0	0.277527712565589	0	0	0	0	0	0.0239258048089401	0	0	0.0204087970188957	0.0365627071591973	0	0.407946197147765	1.05842903319713
X45	0	0.0742431079899763	0.0848937765036203	0.134060135515461	0	0	0.0746969554262367	0.236609249012751	0.0306136621457177	0.000745205370762943	0	0.0308986934559271	0	0.0504169889044615	0	0.0241150754152576	0	0.136171467245034	0.0675234449719306	0	0	0.0550122380428636	0	0	0.150080967802262	1.03432421168916
X46	0.014724477855081	0.0352066935432516	0	0	0.264356759914838	0.208781575495324	0.114572034918529	0	0.00204320436270519	0	0.067379090499778	0.0214100256195941	0	0.029905426036535	0.0150958834517803	0.029697331010529	0	0	0.0267022439843723	0	0	0.0398208812331626	0.13030437207452	0	0.404298481580173	0.916508844593998
X47	0	0.0262359285067564	0	0	0.0373150696151092	0.0520212428081155	0	0	0	0.0105984406120932	0	0.63409877357179	0.0218065945561062	0	0	0.0493748000615927	0	0	0	0.01727413568006	0	0.00793049887586477	0.143344515712512	0	0.910199544079526	0.450404443127939
X48	0.0724451848889968	0.0500861838304096	0.0587751709856276	0.202715002129395	0	0	0.0832071265146565	0.117101661327462	0	0.0576442954406245	0	0.0258269312907809	0	0	0	0.0590342234652	0.0622337268012532	0	0.0602288633306472	0	0.0103249429795453	0.0361782608632725	0.10419842615213	0	0.218286287989191	1.00070068353271
X49	0.0397696940805487	0	0.071814227392832	0.21279682616078	0	0.0545550596808646	0	0.159005209485474	0.0272384365146925	0.000337202447825415	0	0.080730253079637	0.00441764387163866	0.0151289112052292	0.0163609886484637	0	0	0.0762468814688882	0.0101971632828798	0.0424654388681826	0.0941759769379904	0.0947600868740729	0	0	0.12545461920559	1.04798033823783
X50	0	0	0	0	0.502802022840639	0.238040860592243	0	0	0.0650120598962622	0	0.0230719289951768	0.00859513580990324	0.0369205977725586	0.0468628801354318	0	0	0.0783680944718715	0	0	0	0	0.000326419485913549	0	0	0.305046278013648	0.980947738158444
X51	0.00908418437773042	0.0592038279355463	0	0	0.211052939738751	0.201840677993229	0.0446963163168098	0	0.0694803753200456	0	0.0643913168600111	0.00118211059804277	0	0.00243795579555373	0	0.104458709339148	0	0	0.0140535634749454	0	0.0618643457908526	0.0177650389785305	0.138488637480804	0	0.177559003642376	1.02484760201506
X52	0.0143839492313493	0.0219899951447563	0.0267922336432269	0.128298786573294	0	0.0408605882181832	0	0.627238941358514	0.0160312296259203	0	0	0	0.046394693827058	0	0.00325605156734069	0	0.0153858365367379	0.0252225460517802	0.0341451482218394	0	0	0	0	0	0.568682084431469	0.821503669995151
X53	0	0	0	0.0969438270445531	0	0	0	0.0772750226957478	0	0	0.0590433968202346	0	0.568594525625296	0	0	0.0368204098274369	0.0208048749167304	0.0173055731872927	0	0.0669762593139316	0.0454231200193218	0.0108129905494556	0	0	0.429951712824951	0.966138466053263
X54	0	0	0.0277202359930804	0.105618613836251	0	0.092557373073083	0	0	0.0466768528590319	0.295766222312248	0	0.227954500706843	0	0.00662265415353308	0	0	0	0	0	0	0.0373123838312317	0.0395301164056888	0.12024104682901	0	0.299497766607782	0.981774585169119
X55	0.0461081103749336	0	0.133529088085462	0.14033718381728	0	0	0	0.287489132955516	0.0945516929918446	0.00388714908521031	0	0.0252362995566153	0.0475566427795567	0.0125972180111292	0.0163684064208798	0.0145753384359577	0.00630840408468466	0.0609028287532355	0	0.0524101298285267	0	0.0581423748191674	0	0	0.224608236063896	0.998786095253331
X56	0.0193045401091973	0.05876060421758	0.0192820750557344	0	0.208714813324627	0.14126371824973	0.0441196334756205	0	0	0	0	0.0236185960735368	0	0.0164283274853454	0	0.311205625846242	0	0	0.0625896548401505	0	0	0	0.0947124113222355	0	0.137924319888123	1.05679784878846
X57	0	0	0.0405450149166713	0.28916624394969	0	0	0	0.253693104704183	0	0.00181232076801452	0.0282293745757764	0.0305556071997341	0	0.0574151273457785	0.116593234209543	0.0097017627293248	0	0	0.0479818967873162	0.0437936679159365	0.0137619073795181	0.0255162368324881	0.0412345006860259	0	0.0168975551756918	1.10042103030888
X58	0.0320655420635219	0	0.0136881557774401	0	0.254270560716645	0.250877676500064	0	0	0.0390573605435399	0	0.114830777568967	0.024277982755794	0.06072550744069	0.00393271841013169	0.00762587885677265	0.0413103726332357	0	0.0798043555860669	0.0557802538623795	0	0	0.0217528572847516	0	0	0.477444697014685	0.876820622558059
X59	0.00680318164104066	0	0.1175501074078	0	0	0.0787707754659839	0.00335579296639259	0.141221694907631	0	0	0.0230512186876106	0.0274409212053927	0	0.20571715329845	0	0.0670826153498892	0	0.15969695250494	0.160284157089851	0	0	0.00902542947501703	0	0	0.304917537542567	0.971153845796734
X60	0.00278680129990464	0	0.56825191246048	0.089917233495195	0	0	0	0.11035390193513	0	0.000442637605696525	0	0	0.0320361256778187	0.00332499309626138	0.0864708389077633	0	0.00215565887343284	0	0	0.00537924590157779	0.0086520525657821	0.00709043442956428	0.0831381637513935	0	0.642232908182033	0.765922998390616
X61	0	0.0380342255758352	0	0	0	0	0.102994330547324	0.115410224040996	0	0.0127829192026568	0	0.221608914397053	0	0.286948774049132	0	0.0621535904421378	0.072293379714396	0.053307001972666	0.0344666400578042	0	0	0	0	0	0.138630663815976	1.12867745935322
X62	0.00116523734215791	0	0.0197909509680097	0.100204041623564	0	0.0981819784662792	0.0180870110615323	0.574507584502983	0.0676299286280078	0	0	0	0	0	0	0	0	0.0223417187574923	0.0197843734375453	0	0	0	0.0783071752124289	0	0.767206343044324	0.662053850369383
X63	0.0433731892630285	0.0434000382157315	0.014036355144183	0.0553385438293305	0.0453499482363853	0.246450460959284	0	0	0.0647535406639067	0	0.0471598304281704	0	0.142114960365565	0	0	0	0	0	0	0.103760782673618	0.0358326852964032	0.0275689456964906	0.130860719227904	0	0.152321326098086	1.0288741257658
X64	0	0	0	0	0.00130807790780792	0	0	0.0391938823874362	0.017128493229314	0.00119347157008314	0	0	0.0603221348653563	0.726204445636751	0.0628862815614168	0	0.068098859663335	0	0.00464752820320585	0	0.0158380400448465	0.00317878493044705	0	0	0.162536261370029	1.34723158984104
X65	0.0363305642127486	0.0343196899820926	0.0623032169625829	0.0874733595678242	0.104031552017798	0	0	0.173898900901298	0.214708062407393	0	0	0.00487152919377423	0.0265785932813894	0	0.0399998274849121	0	0	0	0.0381218064154903	0.100915655098148	0	0	0.0764472424745483	0	0.465120510911748	0.883476400668079
X66	0	0	0	0.0137094704531158	0	0	0	0.0104575419257401	0	0.00739296125870273	0	0.884696619899253	0.0103214284616806	0	0	0	0.0513023777996059	0	0	0.0221196002019017	0	0	0	0	0.927782906569257	0.654571664711801
X67	0	0.0198960172038375	0	0	0.0508331185188295	0	0	0	0.0219752946277679	0	0.041818627863216	0.838056594630003	0.00219832845949429	0	0	0	0.0233176516030515	0	0.00190436709379997	0	0	0	0	0	0.0406493706525967	1.67883407761914
X68	0.000624090395556074	0.000708094593866394	0.00924424384767513	0	0.482214169504903	0.032396215973876	0.0159666086543675	0	0	0	0	0.00708938347287484	0	0	0.0100646388984433	0	0.12241012595052	0	0	0.00292021327245136	0.284495757534394	0	0.0318664579010727	0	0.530516010733876	0.84594913909209
X69	0.0382730803303448	0.0123851297827241	0.0349749675016333	0.139187406389958	0	0	0.0155117431230672	0.424588081652826	0.0356866860341446	0.0665570020219968	0	0.0231293768878951	0	0.0222080453714495	0.00706403818073151	0.0443742141771351	0	0	0.00617434736369378	0.0357942372580707	0.0725289125004003	0.0215627314239293	0	0	0.502279836402554	0.862923210837026
X70	0.0169706999036996	0	0.0579923302213995	0	0	0.0419126644322993	0	0.499752710916752	0.0193870548959545	0.00983072963164529	0.0129388381198989	0	0.0533945516402188	0.00129913445252194	0.0748487406259292	0.0498423760995505	0.0335515356381539	0.0178273626150773	0.0626554530712318	0	0.0477958177356671	0	0	0	0.518917756203664	0.853104675456895
X71	0.0394585065083658	0.0472834915735165	0	0.193409886503712	0	0	0.0256686933210014	0.08315656539531	0.0127289506810984	0	0.0401258002639873	0.0498433985497972	0	0	0	0.131850279644007	0.262949323526528	0.0382751090077857	0.0305674773260056	0.0446825176988841	0	0	0	0	0.158255616534129	1.02281564758562
X72	0.0737864980733055	0.00452467577369544	0	0	0.199138603209272	0.0848794550782635	0	0	0.0351636212810583	0.0624026954779129	0.0130364799061812	0.00523252717193313	0.0887210334322612	0.00864257480492784	0	0.032467584835508	0	0.239087651277281	0	0.104472417292494	0.0143188661891705	0	0.0341253161967349	0	0.403847753177916	0.916412041577738
X73	0.119475924279992	0	0	0.0818177087664585	0	0	0	0.105798046487071	0.0138172229002523	0	0.0181420062976423	0	0	0	0.139592682605101	0	0.0519753479036726	0	0.439696752062665	0	0.0206662212788128	0	0.00901808741833228	0	0.682730965101868	0.740306220946477
X74	0.021735388619141	0	0	0.0440882953101127	0.167065313249362	0	0.0131863674805364	0	0	0	0.233834023079783	0.032637746458267	0	0	0	0.000262105369413694	0.10826371255056	0.0338301476027125	0.0843816062830645	0	0.0978393971296252	0.0974884470839485	0.065387449783474	0	0.533365287407055	0.847030024933217
X75	0.0780885499511368	0.0229464078414309	0.0308620039914558	0	0.353259493352939	0.144808872197562	0.0540723599272237	0	0.101573358809626	0	0.0938955962202826	0.00123905409237977	0	0.0147808267821887	0.0224583380693571	0	0	0	0	0.000441443067300649	0.0511779151127246	0.000526507079060336	0.0298692735053322	0	0.223033911215655	1.00320875861125
X76	0.0238438226920812	0.0260107520116769	0	0	0.328686660664042	0.152612193172795	0.182314704206479	0	0	0	0.0171201496880626	0	0	0.0310087674228362	0.165420245626916	0.0119930012578382	0.00280959420621654	0.012671508662823	0	0.0109336126152268	0.00640066016261712	0	0.0281743276103892	0	0.246466493202206	1.00922932025379
X77	0.00653275443982976	0	0.019544385838017	0	0.0946335026886398	0	0	0	0.000950121380168951	0	0	0	0	0	0.148059649985915	0	0.425732767431745	0	0.141940744415594	0	0.0417673686595482	0	0.120838705160542	0	0.372754937289598	0.939591393347732
X78	0	0.0637858862135295	0.00618176116785424	0.0472146846512803	0	0.00621829413620602	0.00867013970464319	0.0273477499096977	0.0305881387946452	0	0	0.0169368941907379	0.0212157913476757	0.00558400848530905	0	0.00837697868421147	0	0	0	0.0900275525555738	0	0.436504546604417	0.231347573554219	0	0.55870847443971	0.828356581905782
X79	0.0274041326730872	0.00362581660554251	0.00744768641425719	0.00476304127145438	0.520404010294141	0.0568119453986469	0	0	0	0	0.0455847321137266	0.11170504084751	0.0367957050483854	0	0	0	0.0383459189211557	0.028437660848952	0	0.118674309563141	0	0	0	0	0.51430107020122	0.855834968397482
X80	0.0250379363960315	0	0.0234883948415758	0.273504509148439	0	0	0	0.170000193223699	0	0.0225297474227545	0.0315193444746739	0	0.118408619530152	0	0	0	0.0023083102920754	0	0.0851891499868328	0	0.0664275271904171	0.113875674934647	0.0677105925587033	0	0.194285343005805	1.02020475813283
X81	0	0.0186570641300901	0.0197811049875479	0.300600950163964	0	0.128309643668353	0	0	0	0.00498551788692711	0	0.149126490372417	0.0312821804171179	0	0	0.0170429927096803	0	0	0	0.0699215235597806	0.027220098986065	0.0113401629255035	0.221732270192553	0	0.456551036972276	0.890408308296658
X82	0.0103140903773615	0	0	0.0396426222232139	0	0	0	0.0769747271724774	0.0270935900945641	0.0243172349621599	0	0	0.0438324832539534	0.71372089370522	0.0202743969390966	0	0.0203365828683926	0	0.00818154194508892	0.0153118364584714	0	0	0	0	0.0701612389770197	1.40207164101285
X83	0.029590412635201	0	0.0742728250730174	0.34100003723477	0	0	0	0.173001270662992	0.0736403390410122	0	0	0	0.0231517958544682	0.0034310829160695	0.0753660721039672	0	0	0	0	0.0802014162427353	0.0342395836615233	0.0684839440117487	0.0236212205624953	0	0.589007752376002	0.814930450794769
X84	0	0	0.052010027125257	0.183052137684773	0	0	0	0.192575157874989	0	0.112904055016067	0	0.0699293128151254	0.0606410392803234	0	0	0.0552255215104353	0.0547344014882234	0	0.0455801633067654	0.014484490699145	0.0152598634058702	0.025409925131303	0.118193904661722	0	0.128987162210514	1.04522389527429
X85	0.0070130132202524	0	0	0	0.0392001135137013	0	0	0.0695768727840206	0.0240919249526137	0.0661577614624068	0	0	0	0.473499589673388	0.246108571478721	0	0.0525010942189209	0	0	0	0.0218510586959753	0	0	0	0.144701615641577	1.1646079168338
X86	0.00868385874251294	0	0.0358181448648302	0	0.365404982351484	0.140639482574323	0.0361349874554098	0	0.0769508741504978	0	0	0.0493595453571106	0	0	0.0120550048906926	0.0253675316290864	0	0	0.129840957019044	0.103639025594172	0.0161056053708362	0	0	0	0.351528877678857	0.945021266887343
X87	0.02404185895114	0.00475442097911075	0	0.159525921050498	0	0	0.0141978594373246	0.1882725843811	0.0320630661762772	0.116966452764742	0.0122128358720074	0.00135232821450443	0.00515145384903178	0.00614115688429203	0	0.00173571259047044	0	0.0376658105189865	0.00952704116363563	0	0.326795956865062	0.0183944310048422	0.0412011092969756	0	0.506226254648467	0.860657830121572
X88	0	0.0565686728032139	0	0	0	0.103990296205207	0.0307923884118835	0	0	0	0	0.00790557912258841	0	0.0162648848952975	0.0285147993214188	0.537351486761176	0	0.0135103227789916	0.0835275473056195	0	0	0	0.121574022394605	0	0.232362411805932	1.04563944480388
X89	0.0143222527232356	0.0370425801448491	0.00788125848685063	0	0.146459328659009	0	0.0528862712472801	0.0684708935628774	0.093793184156485	0.0233890725506967	0	0.0419659491987632	0	0.0443655390930947	0	0	0.0592468647145283	0.00111415963619153	0.0227679705279695	0	0.372338673894066	0.013956001404103	0	0	0.241658806661395	1.00001472598135
X90	0.0319932978417938	0.0386835548439448	0	0	0.466430007553675	0.0412096522586893	0.0078289498334129	0	0.0287129704215814	0	0.124030124004032	0.0120416103940995	0.022831011951089	0.0414982454947338	0	0	0	0	0.0799633348231502	0.00523428190606912	0.0142568693751659	0.044985894404068	0.0403001948944954	0	0.392961154171528	0.924288981643212
X91	0	0.0221418858484971	0	0.128458956951871	0	0	0	0.0519734562013692	0.0434546334784483	0	0.00995887348175062	0.626408438870766	0.0229477891235752	0	0	0	0	0	0	0.050062017075076	0.00104915696129918	0	0.043544792007347	0	0.746764307420823	0.737642278592493
X92	0	0	0.0884100478615196	0.206468890535083	0	0	0	0.18686793352541	0	0	0.0155068214650537	0	0.0797274021787632	0.00102011392309079	0.0505065748932901	0.0514232705138138	0	0.0784277795631675	0.0251585525617351	0.123895938521744	0	0.0925866744573293	0	0	0.338965767679192	0.945336481272542
X93	0	0.0385674316590779	0.00797181079578331	0.257579030372211	0	0	0.043622484630119	0.184050760470282	0	0.0315068113999577	0.0388762324243307	0.0437378449274907	0	0.020066667275523	0	0.0510976902314791	0.142294874164299	0	0.0391011777509364	0	0.0469182936509852	0.0546088902475246	0	0	0.242861245271636	0.992419440444208
X94	0.00394943035128597	0.026956598220559	0	0.279526001301229	0	0	0	0.132181191781419	0.052853755089964	0.0113419143990356	0	0.0332439553136685	0.027615711146509	0	0.0574369223275127	0.114248002792712	0	0.0191669028277404	0.0402366568894818	0	0.0489930883629634	0.0133797141019763	0.138870155093943	0	0.527525308986964	0.849837010033448
X95	0	0	0	0	0.00423471994937953	0.0027393532405075	0.835247454633937	0	0.104090119035407	0	0.00719140671746771	0	0	0	0	0	0	0.0147408199767153	0	0	0	0.031756126446586	0	0	0.67612391106525	0.927096791007914
X96	0.0462628679722289	0.0404960513903138	0.0197489394751086	0.256022150095765	0	0	0.0448726953666049	0.213014279805865	0	0.0343636388650244	0	0.054336759058085	0	0.0267661811882582	0.0414861458512616	0.0121915353375047	0.058348793142373	0.0117021222436027	0	0.0953222352156729	0	0.045065604992332	0	0	0.499221221739223	0.865686257386354
X97	0	0.0237649343940673	0	0.0978099377370529	0	0.0906983822127328	0.0747884960496647	0	0.0396845304340327	0.0440383530002531	0.0397705960600125	0	0	0.0110161335904307	0.182241854495332	0	0	0.0520768610835721	0.0701625463488213	0	0.12131825677632	0.077582294536466	0.0750468232812427	0	0.172382750788384	1.01677572657877
X98	0.0596186167604123	0.0375256353460867	0	0	0.0941429285616226	0	0.331481919005296	0	0.046746581430947	0	0	0.01790470610611	0	0	0.204107079992767	0	0.101033906708565	0	0.0535310266553011	0	0	0.0539075994328914	0	0	0.34610907090187	0.990355997095573
X99	0	0.0171623686765499	0.0117441402697971	0	0.314523651638606	0.0997875268884621	0	0	0.0854689470420743	0	0.104252782295333	0.00893009351233806	0.0983509252446522	0.0122944345608882	0.00253402074845786	0.0621139379320251	0.0554367620446883	0	0	0.0496502912891993	0.0380109073267166	0	0.0397392105302118	0	0.018136306446262	1.08789020890266
X100	0.0170524429065786	0.0281832207196604	0	0.0129498895154645	0	0	0	0	0	0.803224183896117	0	0.00299487391862134	0.0123526638169566	0	0	0	0	0.0161201934634748	0.00966133494860478	0	0	0.0400832464635007	0.0573779503510211	0	0.742297931852039	0.675420940500963
X101	0	0.1232412861556	0	0	0.13926257095395	0.0682020616789123	0	0	0	0	0	0.196573315098249	0.0143911372039927	0	0	0.00238572463339636	0	0.183988661591705	0.0243178614445284	0.0289082407801939	0	0.0970967830780172	0.121632357381456	0	0.382456737852586	0.940273626042339
X102	0.00607216736997154	0.0746702755652205	0.012438312839051	0.418868035748482	0	0	0.0619759425705652	0.0816623324630755	0	0	0.246950475665534	0.00737960699737642	0	0.0400961619370045	0	0.00824263956873591	0	0.0202847313214083	0.0171719457581968	0	0	0	0.0041873721953788	0	0.224208282614789	1.01146071665746
X103	0.00767039303890879	0.00563854218932673	0	0	0.437187439678096	0.0318518500612846	0	0	0	0	0.0428254555038909	0.0268628836302261	0.121799681601031	0.00110870351571984	0.00847458368840447	0.0343084853563624	0.10762132552355	0.0126798909975107	0.00807054958598015	0.103216279813722	0	0.0506839358159863	0	0	0.123500693285507	1.05340295727965
X104	0.0198480465698777	0	0.049329535978659	0	0	0.027141888045412	0	0.547967077522987	0	0.0150760673786195	0.0192974880017159	0	0.00120636394667029	0.0121060178758243	0.108753702999984	0.0102920220260052	0.0507606776142076	0	0.0234838739379977	0.0796352079065954	0	0.0351020301954444	0	0	0.433021141334939	0.903086976351922
X105	0.0126569292041473	0	0	0.18040897477677	0	0	0	0.320167123901245	0.11375885450793	0	0.0795685426524178	0	0	0.0063199262196693	0.133049018478505	0	0	0.0240575004388696	0	0	0.0961649271558712	0	0.033848202664575	0	0.293273331233527	0.97169028428299
X106	0.0246163927206914	0	0	0	0	0	0	0.0617835381529636	0.001103389391692	0.0391494612817406	0	0	0.456486813537331	0.357036780141092	0	0	0	0.015962403997464	0.00090769291973257	0.0147876312672893	0	0.00512407678467216	0.0230418198053312	0	0.050171261435325	1.29278432933592
X107	0.0515605790103302	0.00220297934729478	0	0	0.156402957331305	0.104151472157957	0.0219688727049557	0	0.0841325086532846	0.0418666956045643	0	0.00529972455850688	0	0	0.0830721469910281	0.155935475751201	0.122978302811672	0.0312742997207503	0	0.13915398535715	0	0	0	0	0.360278269640914	0.933038007558826
X108	0.0825045670299717	0.0388826556966196	0.0112453005682078	0	0.433826116504615	0.126984576765794	0	0	0.0502849320628194	0	0	0	0.0478945240258038	0	0.0114626265689274	0.0353390766514626	0.075332378194221	0	0	0.0427217863902842	0.043521459541274	0	0	0	0.21635234562155	1.00895314595268
X109	0.0271734565479197	0.0941655639449245	0	0	0.25837735272291	0.263992253997586	0.0732779267789437	0	0	0	0	0.0167824479260743	0	0.0184811337533806	0	0	0.00110052726704626	0.0823960411798356	0.0784180847710235	0	0.0575795424577783	0.0282556686525775	0	0	0.205885823388513	1.0154809216825
X110	0.201689085996899	0.0260467482751187	0.0286405355934965	0	0.0923708265740219	0.238749908274908	0.0211089276555514	0	0.052811768111224	0.0253284156366596	0	0.112699923536974	0	0.00804642413836203	0	0.0110440860806392	0.0297881224730495	0	0.151675227653097	0	0	0	0	0	0.371639512700305	0.9333408268338
X111	0	0.052749122176664	0.0175835984700723	0	0.0456092677357516	0.152685329426433	0	0	0	0	0.00427623044627005	0.620870211460114	0	0	0	0.0839060303269808	0	0	0	0.00113967551431467	0	0	0.0211805344433999	0	0.0967101902095468	1.38552982392706
X112	0	0.76802278299995	0	0.0302856632170823	0	0	0.0347859904566631	0.00995659689908989	0.00997088642404324	0.0379974904930427	0.0163283930733506	0	0	0	0.004143802466518	0	0.0306490887859885	0.0394209751822506	0.0136887250156535	0	0.00474960498636771	0	0	0	0.171419306611286	1.19794744438857
X113	0.0620978179209899	0	0	0	0.413624343442945	0.15392470402979	0	0	0	0.0136637128926928	0.00677802324341198	0.0432862011463826	0.0393831319687512	0	0	0.0429489964812954	0	0.0456028080288554	0.0301375743858735	0	0.0561488595908797	0.0269599274618622	0.0654438994062702	0	0.440164735598809	0.898406718991774
X114	0	0.0277858319131853	0.00239948548492277	0.288314654791693	0	0	0.0982274591006932	0.186955656371656	0	0.0915213421195842	0	0.0535243399714832	0	0.00267111379520259	0	0	0.0267309409878498	0.0306279214952476	0.0552402124127634	0.0571871620513824	0	0.0788138795043358	0	0	0.627153909283012	0.788432244871275
X115	0.0843528632807962	0.0860137813205448	0	0	0.19710210561656	0.052958582834621	0.0570546222732026	0	0	0	0	0.0206523527794596	0	0	0	0.26308338742854	0.019878359129336	0	0.0182054058429089	0	0.145254313790499	0.0395954878838113	0.0158487378197214	0	0.273682205188192	0.982746861108547
X116	0.00475707874880143	0	0.0802162297492178	0.112903247989275	0	0	0.029388449491011	0.168950404775765	0	0	0	0.0280021887005012	0	0.000813864358951588	0.00473097135133505	0.161288879237103	0	0.184446474825264	0	0.224502210772775	0	0	0	0	0.369450024122794	0.931497872291352
X117	0.0237054251038307	0.0406661634966219	0.00731916800347757	0	0.287719787598642	0.177165367042985	0.0114465624149133	0	0.0713668438225715	0	0	0	0.00872172485697649	0	0	0.0126180651797944	0.219268961702195	0	0.0471645924768449	0	0.0460150798055146	0.0468222584956331	0	0	0.239880255806966	0.995220625304522
X118	0.00586737356329751	0	0.0773909230180551	0.0759179377122412	0	0	0	0.349871157418334	0.00836196271698482	0.0400533069506436	0.0901886915299146	0.0190599241485511	0.0806418700729719	0.0166075459011973	0	0	0	0.0768729810997395	0	0.0995627788669913	0.0198504332740216	0.0126950340952795	0.0270580796317764	0	0.383692097996779	0.924897978039514
X119	0.032374217058849	0	0	0	0.0870690905981124	0.054237363695985	0.323976472118569	0	0.00749768485967556	0.0557301699023583	0.0919423384700001	0	0.260047363826188	0	0	0	0	0	0.0212317614222313	0	0	0.0387480863177732	0.0271454517302575	0	0.557447470206688	0.872054158918397
X120	0.00286828199675435	0	0.151494494069587	0.272815946639947	0	0	0.0287505673628442	0.165335484028287	0.0265075998024991	0.0681986640070073	0.0271664236969093	0.0365775098680159	0	0.00438137551910098	0.0907345057536203	0	0	0.0431116353293473	0.0249629112512895	0	0	0.0340051873858728	0.0230894132889189	0	0.10494564357692	1.0558507321987
X121	0.00137412237421759	0	0	0	0.0101034510106412	0.0243201223783582	0	0	0.000614357679748705	0	0.0669345069313725	0	0.676205493961839	0	0	0	0.0266148436329732	0.0145415673360211	0	0.0081881528533622	0.00847930192928092	0	0.162624079912186	0	0.669398628200341	0.782457523149963
X122	0.0650396626081022	0.0531142292810637	0.0303137165328742	0.110636671507676	0	0	0	0	0.0141345220146961	0	0.0436582782789398	0.00528637751337634	0.0155670296744184	0.0255426864103413	0	0.0253284214461956	0.0205829976873577	0.109424070658167	0.42900812486201	0	0	0.0521565699385811	0.000206641586200569	0	0.467619569152047	0.885997536061709
X123	0	0.0314867778673839	0	0	0.307209963168362	0.335112136813733	0	0	0	0	0.0989765464141756	0	0.016996744576492	0.00481611690412502	0.0394283449905195	0	0	0.0283599621395924	0	0	0.00768570918116743	0.0412294757462705	0.0886982221981786	0	0.425318173753368	0.908171596289819
X124	0	0.0568993106174371	0	0	0.240261762594825	0.192774264180342	0	0	0.0298742762676894	0.104000123699621	0	0	0.00284111275099263	0.0283347923075698	0	0.00814006601390201	0	0.0121271719096783	0	0	0	0.0326976308029031	0.292049488855039	0	0.0925064627708535	1.0851093943264
X125	0.0855977804834811	0.0778056661914504	0.00485937944951126	0.178456067344933	0.0548863951672583	0.0308356510756259	0.170380758030897	0.00258429788547201	0.109897231972941	0.0418349636400381	0	0.0129570083048145	0	0.0108876693940605	0.0469875768492539	0	0	0.00286020393869487	0.0930375711864633	0	0	0	0.0761317790851044	0	0.127441329590289	1.05104854307312
X126	0.0943958588282566	0.0972547172569685	0	0	0.118125259844914	0.170173260543101	0.109343684922702	0	0.0460258658320833	0	0.0577985365528471	0.0111360937094684	0	0.0987180429738378	0	0.0247307052202671	0.0969763776013331	0	0	0	0	0.0753215967142215	0	0	0.168431333163537	1.02220345531135
X127	0	0.0268869629208611	0	0	0	0.101263543157527	0	0	0	0	0	0	0.0334656162849679	0.50288024214084	0	0.264920733839799	0	0.0022076768629726	0.0441276473610427	0	0	0.00616305940180473	0.0180845180301843	0	0.56833159536014	0.855526575006651
X128	0.000733827140140847	0.00922899939235005	0	0	0	0	0	0.102723941180107	0.0184429459848686	0.0936625604822232	0	0	0.0268838238558287	0.690467228111126	0	0	0.031496523267338	0	0	0.00499360475922114	0.0213665458267972	0	0	0	0.0580038959352411	1.38540982397414
X129	0.0382729310426693	0.0410295052920279	0	0	0.329631275736825	0.17698113593333	0.0322710353395452	0	0.0118641045851727	0	0.0739139693558191	0.0364627620905177	0	0.0427726167812012	0	0.0404163914046105	0.0908725316131545	0	0.0375585464072515	0	0.0160222792878719	0.0319309151300033	0	0	0.430396571234837	0.901586715423612
X130	0.0552101211699942	0	0.0247518967687454	0.295393103807431	0	0	0	0.193220420328595	0	0.0159090595998784	0.000674175330071789	0.0434979083847835	0.0834708366604849	0.024530343168844	0	0	0.0447507678463049	0.0539248577280249	0.0796275904854093	0	0.00956784724352741	0.0348162742366141	0.0406547972412905	0	0.0324067982420399	1.0911525214106
X131	0.0190772328654511	0.0770366415218031	0	0	0.173172944138985	0	0.0169528597294874	0	0.00589910814395858	0.0149066657285411	0	0	0	0.00644720151972983	0	0.0282942398294546	0.0309784364883054	0.0324743861296392	0.539215320899752	0.0259184996705156	0.0223540477587324	0.00727241557564544	0	0	0.839602353206922	0.580407605170454
X132	0.013438255779828	0.0118899984171201	0	0	0.276175381844856	0.0957622099494332	0	0	0	0	0	0	0.0372166110890838	0.00824749767032545	0	0	0	0.471794617203644	0.0320948102841892	0.00124628699113138	0	0	0.0521343307703884	0	0.540512780090937	0.843061286724344
X133	0.00509613308558439	0.0179196822472201	0.0100221974059508	0	0.132781278933067	0.417293813017911	0	0	0	0	0	0.0322827055376875	0	0.0255453759568673	0	0.117668200208568	0	0.0174125560440227	0.0234537832390199	0	0.00952428131536869	0.050314705098804	0.140685287909928	0	0.361950136704102	0.9430222770993
X134	0.00293749329612467	0.0151363675254221	0	0.239044825940972	0	0	0.0322518951712754	0.273990161542091	0	0.162816946184056	0	0.0454625348702679	0	0.0287471550266049	0	0	0	0	0	0.12539163511985	0	0.074220985323335	0	0	0.348870171869426	0.947409420358621
X135	0.00497278535358792	0	0	0	0.0755953275645525	0	0	0	0.0214990316615324	0.00401964916140052	0	0	0.606683641292531	0	0	0	0	0.0300382727864696	0.181058886203686	0	0.0276831808899633	0	0.048449225086277	0	0.358458068639015	1.04630380329335
X136	0.0333192130542911	0	0.0870398966925973	0	0	0.114745731449086	0	0.461727096812498	0	0.0237597152238407	0	0	0.106214092523413	0.0100334676353651	0.0219791657630126	0.0208740839945841	0	0.0783132956915464	0.0134743086578141	0.0109501312377636	0	0	0.0175698012641874	0	0.434574021705981	0.902136074216364
X137	0.0150863783296757	0.0105438327266455	0.0184378649040865	0.112585277078441	0.0128682985234668	0	0	0	0.0450856833932742	0.0153917584308748	0	0	0.0168789340540621	0	0	0.0101729995452449	0	0.0307235859817754	0.622071588477137	0	0.00118998971283736	0.0650073013339589	0.0239565075085201	0	0.812639225743314	0.592816212048405
X138	0	0.00802392259913846	0.0553216911089963	0.0447057299856746	0	0.229360218850987	0.0268364990871422	0	0.0628412506588015	0.112753461061338	0	0.00921709226460642	0	0.00647836015410135	0.0308337304920958	0.0423123662744155	0	0	0	0.0654903368469487	0	0.202939940950147	0.102885399665607	0	0.425313833756093	0.904231622688191
X139	0.00629389391626095	0.0227452173297352	0.0125011506462656	0.350282096625614	0	0	0	0.123924953241957	0.0221052696772683	0.0135505471230658	0.0513043604988687	0	0.0828381275766756	0	0.042458052173648	0	0	0	0.00572101877513623	0	0.0393490044662184	0.0699268228606617	0.156999485088624	0	0.0227265314217775	1.09909413225393
X140	0	0.0519921972670942	0	0	0.418035266008659	0.0995525279986781	0.0324601025623039	0	0	0	0.0495560136621669	0.000739129477537021	0	0	0.00469416880477374	0.0267705668957034	0.0131782064731264	0.183485229527935	0.0558643758178187	0	0	0.0570546387900865	0.00661757671411752	0	0.554698057454066	0.830573885837634
X141	0.0727099635329134	0.130828376934492	0	0.0529174248491076	0	0.215281000869521	0.103935336902779	0	0	0	0.0756767434137033	0.0116088960249681	0	0.0485227558254139	0.00416287644873175	0	0.0516001820977809	0	0.041951993638568	0.115937670694131	0.0663837153049819	0.00848306346290863	0	0	0.0281477658383993	1.07450643278342
X142	0.0466775240249599	0	0.094174088819894	0.282731778197453	0	0	0.0397439305807895	0.180306719805441	0	0.0689031325130708	0.0447190436417969	0.0315797083897661	0	0	0	0.0383336386607867	0.028598214247475	0.0770455210497249	0.0559291593428509	0	0.00567625126047407	0.00558128946551764	0	0	0.131016205916548	1.04838338193266
X143	0	0.042805927151468	0	0.0879683789453526	0	0	0.138310532498922	0.0992790499049107	0.00635322506217859	0.189285435504996	0	0.00586608333439278	0	0.384048121355982	0	0	0.0231194374137876	0	0.00968085914029975	0	0.000529840814139858	0.0127531088735693	0	0	0.240930625672589	1.06758543833577
X144	0	0	0	0.0210539367161304	0	0	0	0.00593447439548299	0.00998409544542699	0.0428681264431715	0	0.878144639002687	0.00442972011669306	0	0	0	0.0162468265891168	0	0	0	0	0.00400729573579045	0.0173308855555004	0	0.940430806327792	0.613709623243234
X145	0.0134766919797008	0	0.0129821951294655	0	0.0825372200049225	0.169997212543682	0	0	0.0262510605874884	0	0	0	0.59158002077935	0	0	0	0	0.0100700422982508	0	0	0.0242031880033256	0.0248663441463291	0.0440360245274852	0	0.0712273745182465	1.23922164991304
X146	0.00461809667875181	0.701829736348244	0	0	0.0983465287079524	0.0546815123203585	0.024321314648007	0.00471035250155096	0.0213440376362185	0.0241344281856291	0	0	0	0	0	0	0.0660139929732875	0	0	0	0	0	0	0	0.081233919945598	1.22129492989772
X147	0	0.0240387830907718	0.00244853249934216	0	0.166235437240592	0.0818021153529754	0	0	0.0261741787500294	0	0.0902607539865455	0.513719548127955	0.0101075872356513	0.00226496313932663	0	0	0	0.0103407832906624	0.0167279859390574	0	0.0130647724117344	0.0162223095543612	0.026592249380996	0	0.122244952532921	1.25535968060433
X148	0.0185526571511224	0.0113206104125642	0	0	0.116393476655076	0	0	0	0	0.0205373633386762	0	0	0.0207359480594169	0.00380947870592674	0	0	0	0.674104428144892	0.0297598462350251	0.0400086165647861	0	0.00625065756365783	0.0585269171688558	0	0.73996206884626	0.67123710827097
X149	0	0.0178677450333169	0	0.106617923313627	0	0.0360342657637181	0.0130308464176339	0.0903691057486129	0.163649343848172	0	0	0.0677417233002012	0	0.00708359410460738	0	0.0232336101297051	0	0	0	0.0113330348587641	0	0.246915973723111	0.216122833758531	0	0.145535705814616	1.05474810794904
X150	0.0302665140280689	0	0.0141802454847999	0.171705749096869	0	0	0	0.197524241111162	0.042129328186033	0.0892134690899326	0	0.0400017013154799	0.117542869623689	0.0272513975754236	0	0.0111643145019261	0	0.053998522611551	0.0266777817593809	0.129848736290338	0	0.0219155530813938	0.0265795762439523	0	0.382907179221888	0.924208256420836
X151	0	0.0154814982414203	0	0	0.0863268220946165	0.0503475237082083	0.0424493494238942	0.0729152893632588	0	0.0319717221542414	0	0.0147414582207951	0	0	0	0	0.0289386237832681	0.299286282710136	0.332035650477732	0	0	0	0.0255057798224287	0	0.762907295923865	0.673665550413538
X152	0	0	0	0	0	0.0493106714342166	0	0.0576919862679525	0.0405156676196203	0	0	0	0.475108528836545	0.319228728982243	0	0	0	0.0047518603445359	0.0104821379505877	0	0	0.0192471797960805	0.0236632387682187	0	0.635511669832352	0.80192481693426
X153	0	0	0.0383488095430178	0	0	0.0345065465321462	0	0.0125601153482983	0.0269440433297535	0.0474116462765012	0.0504113369032648	0	0.573938246579599	0	0.0564881628736689	0	0	0.0363240857237663	0.0427015665465405	0	0.0229283922578965	0.0574370480855469	0	0	0.115446332816351	1.20981355329709
X154	0.062440990182796	0	0.0597860672889632	0.141082174170891	0	0	0.0213869310938821	0.233231968127396	0.0182375741834013	0	0	0.0309555266003123	0	0.0412310556317799	0.0760224553551691	0	0.0287239847220093	0.10247241737695	0	0.0879961061095024	0.0264678477525171	0.0699649014044313	0	0	0.462269729205066	0.885143746932838
X155	0	0.0098366939604624	0	0.0443094434572036	0	0	0	0.00254128798225118	0.000617371055555079	0	0.0438772424761423	0.650533863235865	0.0261921598342014	0	0	0	0.0577390639644118	0	0.098764367863254	0	0.0155542260539616	0	0.0500342801166917	0	0.0836672996226324	1.42434551173677
X156	0	0.014342470324895	0	0.0162188063290619	0	0	0	0.0427308980683359	0.00998303739512821	0	0.00774164315303556	0.808296985910739	0.0360129383303809	0	0	0	0	0	0.000145192102338879	0.0112207966159801	0.0326504775726365	0.00238200595379831	0.0182747482436697	0	0.0375363833120926	1.65666394692036
X157	0	0	0	0	0.0619758139575957	0	0.568295552024419	0	0.00402325256654847	0	0	0	0.304767641414488	0	0	0.00109297585150053	0	0.0171687762809088	0	0.0242828203914606	0	0.00311410972665328	0.0152790577864254	0	0.849300464251094	0.642392644835237
X158	0.00259350744427984	0.0347926193103596	0.00683485121833051	0.14688789713569	0	0	0.0347845795469194	0.219477174038211	0.0584782563835075	0.0840874188756369	0	0.0390594549765145	0	0.0372861752723655	0	0.0515538723179784	0.187029664994927	0.0559755004250308	0	0	0	0.0411590280602492	0	0	0.102057598618411	1.04926948736759
X159	0	0	0	0.215208829945125	0	0	0	0.0813605477258665	0.00946568202458331	0	0	0.601063423933836	0.0429101956681184	0	0	0	0	0	0.0125897383728804	0.000984495522296232	0	0	0.0364170868072948	0	0.153929128337927	1.32519082141974
X160	0	0	0.0242517604756308	0.365009088955872	0.35462579574211	0.0443844442341036	0.0205008166715139	0	0	0	0	0	0	0	0.00486267999445353	0.0692153766873299	0.0855726653353659	0	0.0168527624465918	0	0	0.014724609457029	0	0	0.682766407441187	0.734483774964158
X161	0.0457217263738555	0.000676791027874309	0	0	0.331078674883591	0.2787779367644	0.0210047745192816	0	0	0.00055798233890347	0.14358396221012	0	0.0255994784633932	0	0	0	0.0959646562591765	0	0	0.0525925230626051	0	0.00444149409679969	0	0	0.166222625449327	1.04050030620273
X162	0.011628373636855	0	0	0	0	0.0378540062829771	0	0.051878156101662	0.0483926765192459	0	0.0177034128941392	0.388772369775283	0.424104182998361	0	0	0	0	0	0	0	0	0.00185862824507659	0.0178081935464	0	0.866235004819874	0.52398184068535
X163	0.0808707825422514	0.0399733040987631	0	0	0.261337450665334	0.1231086326501	0	0	0.0220759764589211	0	0.077237104473959	0	0.186733420420257	0.00374075090521629	0	0.0325735023975069	0	0	0	0.0179057449707673	0.0607908620448777	0	0.093652468372046	0	0.177741835707076	1.02356363938631
X164	0.00136224151224662	0	0	0	0	0	0	0.0681014431082588	0.0103334147057493	0	0	0	0.0404653481173401	0.803959532198056	0.0376231781589191	0	0.0381548421994299	0	0	0	0	0	0	0	0.00442081772602253	1.54284165032038
X165	0.0586918024689883	0.011093537526147	0	0	0	0	0	0.461769360373354	0	0	0	0.00659345554554764	0.00871186610088828	0.00584920855614233	0.0304595957984351	0.0965949700863006	0	0.0173878622877896	0	0.0766977845735489	0	0.0897531157580049	0.136397440924853	0	0.44517065639988	0.895876432350231
X166	0	0.0197781676422716	0.0165625145074875	0	0.455718711948933	0	0.0255163510420638	0	0.0327371167138057	0.159684041814795	0	0.0402234612220856	0	0.00485953786263258	0	0	0.056135010202025	0	0	0	0.188785087043901	0	0	0	0.383355487289841	0.931647401682504
X167	0.191529399190159	0.0441651994401814	0.0501773568582118	0	0.213566077881301	0	0	0.0107084735535862	0.00139461174475049	0	0.0362450473991886	0	0.0791377907104301	0.034407282474599	0.0223721650935128	0.108587981094736	0.0850769438941765	0	0	0.0457980755689777	0.0510625810264357	0	0.0257710140697528	0	0.0938355055038681	1.05149358502718
X168	0	0	0	0	0.0661956683457398	0.0191751429640907	0.704622498763212	0.0758898861438012	0	0	0.0120439202294106	0.0168449191650248	0	0	0	0	0	0.0153267317510254	0.0563259047230964	0	0	0.00460196978911906	0.0289733581254801	0	0.569013650498467	0.960567665523674
X169	0.0321365620958237	0	0.0605785141242931	0.163528051377797	0	0.0582504723543784	0	0.0572713432373152	0.0717132609571591	0.0784029390514619	0.0537495069045053	0.000366174599463585	0	0.0369973028884171	0.159916474042025	0	0	0.0308171052272645	0.0480484580931673	0.00536310587152908	0.0622419813213077	0.0514843459695271	0.0291344018845645	0	0.180439511425274	1.00839052420344
X170	0.0154742900689359	0	0	0.129542216752043	0	0.372087628460203	0	0	0	0.0495094521502374	0.00096447373411385	0.0243591217178589	0.084875156147666	0.0454783931197173	0	0	0	0.000175333053066786	0.00284615370975238	0.0456615089906809	0.0818747157982151	0	0.147151556297509	0	0.445072267561285	0.894527128957539
X171	0.0365208080147083	0	0.0793944352364855	0.226292499957601	0	0	0	0.135457944566118	0.0306453726846261	0	0	0.00831907570977958	0.0785545165870769	0.0332874034435266	0.058446367051039	0	0	0	0	0.113708411952309	0.0499101488470972	0.105422344745607	0.0440406712040258	0	0.148096019956824	1.02718027054276
X172	0.0489384082029463	0	0	0.0687920329236535	0.0335145740361657	0.202899253423841	0.030674701643304	0.231809255976859	0	0	0	0	0	0.00543533733085015	0.199762953843758	0.0357819469489306	0	0	0	0.142391535669692	0	0	0	0	0.446654364259833	0.893125633805824
X173	0.00245254963810109	0	0.080231069525961	0.0790842564893595	0	0.00133982504421481	0	0.32626285026877	0	0	0	0	0.163692474754498	0.00600841584126567	0	0	0	0.0412387613251661	0.089258057890772	0.0134288694747725	0	0.0595075777193758	0.137495292027743	0	0.312089619150784	0.964483646202332
X174	0.0341004822321442	0.0983071534489834	0.0450596196034334	0	0.187131419193213	0.11538429387171	0.0339306614309545	0	0.0557019333757762	0.0270396134215065	0.0762364128633303	0.027145505686898	0	0	0	0.0395596749502717	0	0.0119154589055086	0.0962053568637212	0.0399905165137861	0	0.0417547096700492	0.0705371879687141	0	0.302503145409723	0.961046442887217
X175	0.0429898270404319	0.00635265353184399	0.238001093048445	0	0	0.0670081045346641	0.0686481844442346	0	0.0318269851799644	0	0.261853171228609	0.00108046728026196	0	0.00928389275962256	0	0.0177870861157248	0	0	0.0140962125556859	0	0	0.0256833293345329	0.215388992945979	0	0.344024540976076	0.948678043578063
X176	0.0043335886255747	0	0	0.0252879725094277	0	0.0396098826970285	0	0.109705316562496	0	0.0736538117932702	0.0158205354312245	0.318814087353693	0	0.11219898203905	0	0.0221070288007818	0.230116092978086	0	0	0.0483527012093677	0	0	0	0	0.174728347754334	1.08176884646239
X177	0.054338861406083	0	0.0301809414869033	0	0.0664286455767969	0.121109697882479	0	0.219597143960816	0.0240392794117431	0.118081987327575	0	0	0.151147398892388	0.0114570938017963	0	0	0	0.0407608550451916	0.0369374436770589	0.0147179494375607	0	0	0.111202702093608	0	0.51875751288214	0.854775013427733
X178	0.0730491907399498	0.0839757081310473	0	0	0.199280866948421	0.104081780710778	0.0682198416527926	0	0.0660793551278067	0	0.0831319893727653	0	0	0	0.008440811028357	0.0510464153555623	0	0	0	0	0.145395068225176	0.00233691598604359	0.1149620567213	0	0.182087120752017	1.01393846231668
X179	0.0202272037323178	0.0444934136109304	0	0.262682416780981	0	0	0.0605776043295144	0.0877319976800169	0.0263393224171932	0.138977960292725	0	0.025275849457163	0	0.0234015754482704	0	0	0.112768597101903	0.0442292296341311	0.0358451739416548	0	0.0475354727891204	0.0699141827840791	0	0	0.0373704915545082	1.07922686829976
X180	0.0182206267997323	0	0.0545323526357898	0.119276379772688	0	0.144490729841291	0	0	0	0.0461435377829114	0	0	0.0929830377828273	0.0597755392109442	0.12174924763965	0	0	0	0.0627292282813709	0	0.0832786013585512	0.0421144319355919	0.154706286958652	0	0.130272894377367	1.03677825677138
X181	0	0.0084514447836816	0	0	0.0333009426151527	0.0408096231846041	0	0	0	0	0.0390436631798745	0.733907520792463	0	0.00151580078838403	0	0	0	0.0901660881980305	0.0241148593558284	0	0.0124125279506258	0.00172353775549158	0.0145539913958638	0	0.631139473065778	0.976795893183783
X182	0	0.0100718875842441	0	0	0	0	0	0.130265368024353	0.00705108176727248	0	0	0.186007045941964	0.0671309571806392	0.412291172910738	0	0	0.0428415821299444	0.00200948023015798	0	0.0254963593968873	0.116835064833799	0	0	0	0.134185613395913	1.16942079269519
X183	0.0680711843207601	0.121452235915155	0	0	0.477109697077451	0.0624281134825449	0.000735669557794684	0	0.0552126280651671	0	0.037998233205533	0	0.00296050186170655	0	0	0.0238057179740556	0.0241597670931405	0.0616228057943653	0.0327002934224228	0	0	0.00218941299972796	0.0295537392301756	0	0.473017789921315	0.879757098350872
X184	0	0.0259777576833969	0	0.048893306563953	0	0	0	0.0129194094382586	0.0107626413855178	0	0.0167214263288156	0.687159370052509	0.0093519796997215	0.00264114308516102	0	0	0	0	0.131269217180685	0.0190944844272891	0.00611883121777062	0.00785794777873317	0.0212324851581884	0	0.088470722443615	1.46085295046335
X185	0.0472546584756704	0.0687525916655227	0	0	0.341757694005771	0.215180236728292	0.00226348472826506	0	0.0128699321429458	0.0424464629831187	0.0216134417239834	0.0216731892126883	0.030387450436086	0	0.0204104409274588	0.0174435424979162	0	0	0	0.00318362340845543	0	0	0.154763251063826	0	0.188767991158977	1.0255260142803
X186	0.182905119702871	0.0842466772405779	0	0.162661101406817	0	0	0.00185721317791954	0.212414388644723	0	0.0631254432876946	0.0368683718124381	0	0	0	0.0148931456005871	0.0355302762044444	0.197428951122926	0	0.00312624017498447	0	0	0	0.00494307162401557	0	0.232778486757947	0.995240842802181
X187	0.0372227908893942	0	0.036187882943125	0.268728019225671	0	0	0	0.152863705996809	0.100481481450131	0.112362375251926	0	0.0438791522966602	0.0695387230606611	0	0	0.00524473004799814	0	0	0.0708702220430145	0	0.0123237447788995	0.0361428438486402	0.0541543281670707	0	0.134620946416607	1.04228006604956
X188	0	0.0382877935263095	0.124887685533766	0.123906916309311	0	0	0	0.0948494561821625	0	0	0.115070005535577	0	0.102566274510991	0.0116731768330591	0	0	0	0	0	0.199227532773172	0.0720142101286559	0.00271329160187321	0.114803657065124	0	0.204579756832318	1.0028267975213
X189	0.0360136881669331	0.0401198629929489	0	0	0.0456745600943495	0.253582025034662	0.0566873572521595	0.066068844692991	0	0	0.0398007630073979	0.0101197314905674	0	0.024523209817307	0.062729267819656	0.138708298247246	0	0.0124598945556805	0.042780799458968	0	0	0.0673643959456335	0.1033673014235	0	0.196076256058208	1.01395205793158
X190	0	0	0.110895819397427	0.0106579950642404	0	0.117406173393566	0.0350656923952462	0	0.0480833552996632	0	0.0187023382424312	0	0.523025199630242	0	0	0.0670888849738016	0	0.0219029536326712	0	0.00186750648236062	0.0218716238180277	0.0234324576703226	0	0	0.621228027983895	0.796489071996742
X191	0.0116871297782787	0	0.0123095448705831	0	0.238108775578929	0.21721537375631	0	0.075789020321018	0.0977014968432927	0	0	0	0.0921959817754923	0.0104336831929101	0.139180394086998	0	0	0	0	0.0401218589668817	0	0	0.0652567408293066	0	0.132340877782479	1.04465510505189
X192	0	0.0316937079876802	0	0	0.0428273205577476	0.392863236272482	0.157114434681463	0.10876916215845	0	0.133350846515048	0.0228511319752442	0.0377575433491093	0	0.0038912827188627	0	0	0.022513231911945	0.0214860752409785	0	0.0248820266309891	0	0	0	0	0.499167470237061	0.865196106193551
X193	0	0	0	0	0.0243378243967359	0.0951944498068276	0	0.0278290737861925	0.024978943707636	0.044061672165215	0	0	0.635131256476672	0	0	0	0	0.0121023231756744	0	0	0	0	0.136364456485046	0	0.763202594976506	0.652729297053808
X194	0	0.0184201702147227	0	0	0.526103294669929	0.116396360801095	0	0	0.0672220384146828	0	0	0	0.0364219757093297	0	0	0.030082719857481	0.0838112930164071	0.0876272311032978	0.0149077241543854	0	0.0190071920586699	0	0	0	0.332257551007549	0.962475351887349
X195	0.0355778530243335	0	0.00754714376556893	0	0.0912115965965841	0.0214000352731766	0	0.0226795537440854	0	0.0060377637926039	0	0	0.634433158137496	0	0	0	0	0.0138734602563385	0	0.0750036192176465	0.0326217798660087	0	0.0596140363261575	0	0.802266419389882	0.598292644469556
X196	0.00708178163661277	0	0.0325194083882314	0.0291432044243368	0	0	0	0.172782276332354	0.0978211417953187	0.0731604706991582	0.0162542879848755	0	0.0395227439873203	0.0315076073912108	0.245027142267037	0.017124705111484	0	0.0314607220203035	0	0.143147711383332	0.00408397928534801	0	0.0593628172930773	0	0.174150583383262	1.0132857255965
X197	0	0.0346730270163136	0	0	0.58395317722866	0.130997161182851	0.0576881546737797	0	0.027275056566114	0	0	0	0.0234277567006544	0	0	0	0	0.098182320123121	0	0.0197935425020158	0	0	0.0240098040064904	0	0.493460529441272	0.870684131692106
X198	0	0	0	0	0.0892866103861776	0.0241019328342862	0	0.00559175855287021	0	0	0	0.00940554190916057	0.0267988926738666	0	0	0.117069327592026	0	0.461323479819964	0.0295660009910717	0	0	0.0339631966723155	0.202893258568261	0	0.56239619639015	0.8277297306771
X199	0.0079906969370702	0	0.0554289187375636	0.174630171615719	0	0	0	0.241466744475502	0	0.0623546587358443	0	0.0468286467789321	0.0182268713524148	0.0742910598976725	0.0512754688584266	0	0.0340761370403763	0	0.0222725474637352	0.0385323912220143	0	0.105647286709063	0.0669784001756667	0	0.113698765969355	1.05078857102778
X200	0	0.00130179535823297	0	0.00289728624007124	0.0251111933733366	0	0.455204274725069	0.108172820094486	0	0.173814555969435	0	0	0	0	0	0	0.195801035152239	0	0	0	0.00323509943860005	0.0262370598507935	0.00822487979773704	0	0.417488240122638	0.960778357609159
X201	0	0.000132839497145658	0	0.201168736625788	0	0	0	0.259869605934497	0	0.129749321440625	0	0	0.0581984632713839	0.0459664105794766	0.0240888294107751	0	0	0.0538945130400799	0	0.093381162261163	0	0.0865840263302795	0.0469660916087863	0	0.259912800345961	0.98882648396727
X202	0	0	0	0.243867251336421	0	0	0.0266659556772857	0.183283492091602	0.146325946345635	0.033740979879089	0.0296181277059883	0	0.00369873860133814	0.0468065212932371	0.0910723256398384	0	0.00379564430673731	0.0490174648617039	0	0	0	0.117307111648288	0.0248004406128359	0	0.173133544224401	1.02576533287462
X203	0	0.0215488530548905	0	0	0.521028684499279	0.128788631376165	0.027762900192505	0	0.0103189185840557	0.0601936919068766	0.066957813824481	0	0	0.0450152079830537	0	0	0	0.0155692315047325	0.0233112057869596	0	0.0093320858181119	0.0230399305350774	0.0471328449338127	0	0.486735100555374	0.873981442540475
X204	0.0103496371158788	0	0	0	0	0	0	0.0479460148744629	0.0142482477885341	0.00737844490101335	0	0	0.0500759123193003	0.773084860343	0.0466988718246791	0	0.0300923933202637	0	0.00667787399949198	0	0.0111057846616927	0.00234195885168312	0	0	0.0102940761531307	1.5081687144065
X205	0	0.0291546586630924	0	0.236270802069306	0	0	0.065665421661959	0.269223334075504	0	0.0144378907082593	0	0.0310620364195723	0	0.0173743530040104	0.0298918662355972	0	0.00803849724452896	0.0500169451492408	0.0797609010324156	0	0	0.0779503257314823	0.0911529680050316	0	0.214838822995443	1.01315060935564
X206	0.06442438107434	0.0176665106487679	0.0264602709865984	0	0.29413200802727	0.167168787818241	0	0	0.0539153235093585	0	0.0741816857865916	0.00109797691929846	0.0498974140381156	0.0474265543961758	0	0.0147458360762172	0	0	0	0	0.0350592849191532	0	0.153823965799873	0	0.131334211556186	1.04409989441454
X207	0	0.000941652183057628	0	0	0.0786805619589354	0.0557254543895073	0	0	0.0215104435731063	0.0217825255640398	0.0108515278148651	0.754837620719489	0.0158204115870354	0	0	0	0.0314740215928744	0.00305045031916605	0	0	0	0.00532533029792332	0	0	0.0743066804414757	1.54656443871109
X208	0	0.0482250672112427	0.0860423706921897	0.166132351061341	0	0	0	0.186278318986073	0	0.10177559075628	0	0.0109323728290962	0.0681659614456818	0.00827017467759584	0	0.032915966609991	0.0658968387450267	0.0568579850231701	0.0377978385231603	0.0576317173423034	0	0.0460394680698579	0.0270379780269898	0	0.070696088502044	1.06180759346701
X209	0	0.00624476225986972	0.033178704277205	0	0	0.173197904980458	0.0232028284897815	0.225277254646348	0	0.0141128871564253	0	0.00731999053321606	0	0	0.0331069498005393	0.0220145869578171	0	0.0368360530932786	0	0	0	0.0219617676474203	0.403546310157641	0	0.414278389473106	0.923760016739435
X210	0.0380759684162229	0.0721286330714524	0.0114123978094029	0.112882607829892	0	0	0	0.154860903609226	0	0.0515439974451002	0	0	0	0.0173867563157763	0.154987311981614	0.0423627952539879	0.182027684789889	0	0	0.0675359634974212	0.0335252717842792	0.0612697081957361	0	0	0.352172444670156	0.935716981462095
X211	0.0406641026697067	0	0.0408117870487783	0.255399294461838	0	0	0	0.187763532948871	0.121013119145027	0.0574925182874856	0	0.00978629333517357	0.105432303904276	0.00938128636823257	0	0.0720197839700417	0	0.0298618944396557	0	0.058563470450916	0	0.0118106129699971	0	0	0.212350732525464	1.00557773806641
X212	0.029744599555517	0.0158566808219109	0.0404604243127328	0.310811165698611	0	0	0	0.157453203465847	0	0.0352356737854788	0	0.0212349425899467	0.0555902404299782	0	0.00387847916471954	0.0225819391509094	0	0.0189460055165117	0.0263101774739922	0.0845829424409251	0.0292065183397742	0	0.148107007253145	0	0.583622763760069	0.817741419206175
X213	0.0413943388125215	0.00133995181926269	0.0455076523426908	0	0	0.222954127145041	0	0.121529028049792	0.024583675873825	0.00128155698472149	0	0	0.00411191002853748	0.000626727232371274	0.10264779445113	0.0753227186179161	0	0.0233788048067812	0	0	0.0320391587396639	0.00924511135069001	0.294037443745055	0	0.369026917005545	0.937212208116514
X214	0	0	0.0135902700835805	0	0.0155350148280979	0.28462361157741	0.0283853988644487	0	0	0	0	0	0	0.00822093572128917	0.13949753349521	0.202467068709063	0	0	0.0666348790647511	0	0.00579584097876568	0.0190712491718563	0.216178197505528	0	0.166409001058889	1.03886455625074
X215	0.0485611903322048	0.0416284875698263	0.00815852691780769	0.175449426115859	0	0	0	0.184343427003838	0.0702572693236004	0.0295119661643285	0	0.0283597412249512	0.0454130094203768	0.0144478172153784	0.0485620693497348	0	0.0665341819377503	0	0	0.0747162575329135	0.0608144293448208	0.0860948903497582	0.0171473101968508	0	0.193845116706072	1.00652695763879
X216	0.00363710653404738	0	0.0830523499227202	0.230412029439876	0	0	0	0.157708665405745	0.0570524452683934	0.0829117758293392	0	0.0505595508077948	0.0335962807315312	0.0481842237000479	0	0.0912435175005241	0	0.011173043505419	0.00233979325718311	0.0559095658034812	0	0.0808519144493328	0.0113677378445647	0	0.149276237973023	1.03365341229823
X217	0	0	0	0.240629722024143	0	0	0.0132799573977239	0.163161131215582	0.0251950765665898	0.0516259101950909	0	0	0	0.00539518764132449	0.147618292473074	0	0	0.0521971315710251	0	0.126577456904345	0.0166647252942755	0.100506821334391	0.0571485873824348	0	0.434066877952468	0.899171604503774
X218	0	0.0986196438857028	0.0404668971411541	0.224573912694698	0	0	0.124585598052521	0.157969708772403	0.0210241461996013	0.0240848984521357	0.0466266048794303	0.00735124158190094	0	0.0168289682498653	0	0	0.0851978047702646	0.0217189696218875	0.0452647533000447	0	0	0.0856868523983914	0	0	0.243978594661125	0.992874036404104
X219	0.0647131868027739	0.0343894819887239	0.0750682453689435	0.142009944351099	0	0	0.0050773655972877	0.299272929095062	0.0604349951126245	0.0288808844566538	0.00842184687866198	0	0.04803629362853	0	0.0273995563111835	0.00665939549306446	0.0394747473194178	0.0899309556682527	0	0.0454822178666172	0	0.0247479540611038	0	0	0.257330666731144	0.983988948431515
X220	0.0349507876344681	0.0910624141377813	0	0.280544187373129	0	0	0.0958034322126494	0.147980472110786	0	0.0370234329833005	0.0151425090847772	0	0	0.00515373071225298	0.034062222037444	0.0199841950762522	0.127508858583129	0	0.0569059190708057	0	0	0.0538778389832247	0	0	0.170008122741642	1.02573862848805
X221	0	0.145065760912368	0.0772918879764265	0.20097284721831	0	0	0.152093281132057	0.0868366382013935	0	0.0487645358567706	0.0823049462927989	0	0	0.00397851308157273	0	0.00141828720523347	0	0.0797287285686024	0.102051178548228	0	0	0.0194933950062387	0	0	0.16126079660989	1.03332701864077
X222	0.0178476074047196	0.853718480301644	0	0	0	0.0285646102348878	0.0212472063199572	0.033150175894872	0	0.0235160790017261	0	0	0	0	0	0	0.0144386773122906	0	0.0075171635299024	0	0	0	0	0	0.767407641812362	0.662776502216246
X223	0.0479721506382188	0.0166354933218117	0.122698094161826	0.219301197813588	0	0	0	0.152346773879846	0	0.00167929180809706	0	0	0.0433411511538104	0.0418562684799175	0.0813189888429636	0.0636166262194174	0	0.0113445729626734	0	0.109718028668057	0.0124339051691486	0.065289291423505	0.0104481654571195	0	0.213122960636981	0.998757407713645
X224	0.0126074389824645	0	0.01514207028892	0	0	0.226059652295484	0.0345419272544296	0.175164022986182	0	0.047604376225371	0.0103136177215302	0.0132385536601672	0	0.00552326851313259	0.0142856032739886	0.0944835891971305	0.144972076922207	0	0.206063802678993	0	0	0	0	0	0.465476931472042	0.883527042059168
X225	0	0.045373769495648	0	0	0	0.0254570787895389	0.259054979668934	0	0.00795993869862124	0.423755032170441	0	0.0551328388337797	0	0.0100675193666731	0	0	0	0.0242562447994543	0.0866023142944735	0	0.00457798705187302	0.0234943417705578	0.0342679550600045	0	0.195129779126496	1.05311084056618
X226	0.00203147871264241	0	0.0214131521904784	0.144722990074365	0	0	0	0.0331928951638628	0	0.0224892503132858	0	0	0.502550174725607	0.00517019265016866	0.0629532904536704	0	0.0288835090115149	0	0	0.0540333681291261	0.0158249201585242	0.0115395807882726	0.095195197628481	0	0.603022820948427	0.807348087577226
X227	0.0301340511113009	0	0	0	0.0533626976784995	0	0	0.0649123534707766	0.0123199806325063	0.041083772645922	0	0	0.681824567239644	0	0	0	0	0.0371548982272295	0	0.0203318832685653	0	7.50040301969902e-05	0.0588007916953588	0	0.0672217641054352	1.30772263585638
X228	0.039845328973171	0	0.035583524134829	0.285369622863358	0	0	0	0.234652053321807	0.128565225438558	0.0386785564180071	0	0.0205722142322378	0	0.0425993256199291	0.0789358786841081	0	0	0.00810030040456778	0.02508301215684	0	0	0.00548197254188408	0.0565329852107037	0	0.549359758843688	0.837461720844379
X229	0.0395304746395558	0	0.0497227477545304	0.141044105115595	0	0	0	0.191757364543556	0.0087254853689867	0.081424671452023	0	0.0521777478127827	0.0883656971894951	0.0180843706155846	0.0419476644690265	0.0778460699026388	0	0.0784594313657387	0	0.0766615216298884	0	0.0206974976301126	0.0335551505104855	0	0.147167825710165	1.03021180113537
X230	0	0	0.635873686339061	0.0620037599720938	0	0	0	0	0	0.0426885985914994	0.0287996747553223	0	0.0114168737569147	0.00349623028432421	0.101090308260637	0	0.0279230583021073	0	0	0.00967419192972624	0.0219591722455311	0	0.0550744455627828	0	0.647294568324213	0.760737254993984
X231	0.00550311782783468	0.0392251187952708	0.0201138110992573	0.188989323856344	0	0	0	0.140545207986107	0	0	0	0.0123289588031164	0.0814286530316312	0	0.00638051953912004	0.0448853198549853	0	0	0.0169853102424387	0	0	0.074420144457971	0.369194514505924	0	0.299486323756901	0.986314818718939
X232	0.0401419837733243	0.00548853025344821	0.0592616478250804	0.31796914725627	0	0	0.00390080909125923	0.090186917320348	0.0229528505853434	0.0313177349215871	0.04965017560634	0.0944082790721373	0	0.0188465777928771	0.00817778842637787	0.0283916324350785	0	0.00296427407554162	0.0109173353692295	0	0.0519548923622186	0.0564343282275641	0.107035095605975	0	0.110352242315653	1.05423454927974
X233	0	0	0	0.18105509973754	0	0	0.0649048085554272	0.245501539903339	0.0142140832806203	0.0251278345794723	0	0	0	0.00727465310125583	0.164435168300495	0.197945115343385	0	0	0	0	0	0.0119788457227273	0.0875628514757382	0	0.531362954979206	0.846389594429693
X234	0	0	0	0	0.664728207042447	0.040644363001234	0.0112115107010957	0	0	0	0.0894394219668277	0	0.0643806530924115	0	0	0	0.106212570459716	0	0	0	0	0	0.0233832737362678	0	0.290829094447666	0.994909519390259
X235	0.0561461113325764	0	0.054910051931628	0.254824031761986	0	0	0.0419223271054359	0.168356023644836	0	0.0214770924217487	0	0.0394393049715805	0.027782990764796	0.00985595120818894	0.0130336108099849	0	0.0618130902383515	0.0969292586123647	0.0538290779614063	0.067179946566144	0.0120082449332068	0.00439696974639212	0.0160959159893726	0	0.193436341075437	1.01387458299688
X236	0	0	0	0	0	0.0665129009966974	0.311299378409051	0	0	0	0	0	0.511310433897673	0	0	0.0479421580328227	0	0.0229086885519023	0.0238809440570649	0	0.0152795648757272	0	0.000865931179061864	0	0.356989110711339	1.19865994463433
X237	0.00464517930098447	0.00392571151862029	0	0.0212135099930242	0	0	0	0.0401206755463316	0.0169383350778661	0.00397204850630253	0	0	0.0343940711574831	0.797556856661405	0	0	0.0187059960153287	0	0	0.00568492965434463	0.0528426865683098	0	0	0	0.943093379033126	0.401177000757347
X238	0.0313580335666455	0.128552952160954	0	0.136710494885582	0	0	0.158679240196783	0.237544242944506	0.100626507555854	0	0.0355677329780246	0	0	0.0369869106128992	0	0.0308094240635788	0.0332608792417856	0.0514497319470952	0.00925785876045909	0	0.00760580073576196	0.00159019035007131	0	0	0.106592902418259	1.05868684932057
X239	0	0	0.0256523026729673	0	0.289851407557568	0.0774483365006338	0	0	0	0.121148412173539	0	0	0.17934413703764	0	0.161722937499169	0	0.101870246793507	0	0	0.0397430706012881	0	0.00321914916368832	0	0	0.0631716238443787	1.08364009003036
X240	0	0.136691465646559	0.0688600573165141	0	0.154414678710363	0.112096920635387	0.0494755802523153	0.183520058887767	0	0.0375070582088993	0.00101136001502242	0	0.00827049601757017	0	0	0	0	0	0.017070525558927	0.0549144332299382	0.0643990466722996	0	0.111768318848437	0	0.41110194786693	0.911665431417147
X241	0.0376932278831168	0.0255505144109611	0.0237413234933326	0	0.178514597592707	0.107683457173317	0	0	0.0904454645097815	0	0.0631445698356582	0	0.0304998212637108	0.0472919425805129	0.220933551333119	0.00335758851302151	0.0369887263480499	0	0	0.1035721589274	0	0.0305830561353121	0	0	0.250395943804234	0.980088859518093
X242	0.028899517941458	0.0339257891621323	0.0295934316487472	0	0.485687037058531	0.0667529715549192	0	0	0.0679187057421084	0.036270399026599	0.0221671082355726	0	0.055319002498441	0	0.0221975047101424	0	0.0190937392775315	0.0351443020239269	0.0132855758648762	0	0.00324645784208991	0.0500918484674233	0.0304066089455014	0	0.43214758593078	0.902951240595709
X243	0.0786586485447683	0	0	0	0.386829628866408	0.177943026614241	0	0	0.0256703128942332	0	0.000572571291023876	0	0.0525316730407394	0.0200202104617479	0	0.0272743670636999	0.0486970345712515	0.0171285597244111	0.0326948699179199	0	0.0859303195033549	0.046048777506201	0	0	0.0795921304583552	1.07896838188574
X244	0.0481322697812871	0	0.0309146967397649	0.456957810259335	0	0	0	0.158213721684352	0.00946676424969577	0	0	0.0209989454381868	0.0361582707459229	0	0.00855369008474628	0.0281672093618105	0.0668708350039345	0	0.135565786650963	0	0	0	0	0	0.631740971657615	0.780664349203318
X245	0	0	0	0	0	0	0.883021424463804	0	0.017786563956993	0	0	0	0	0	0.0842498652114917	0	0	0.00321613778012607	0.00561162113972851	0	0	0.00611438744785634	0	0	0.936365549383926	0.540286349437987
X246	0.00292269428657667	0.0117902792346005	0.0491531965297338	0	0.217315893104567	0.0887576712809908	0	0	0.0281450186951067	0	0	0.0109288403956271	0	0	9.13636090542181e-05	0.0291947531395463	0	0	0.36895249741615	0	0	0.0384945332803435	0.154253259027704	0	0.589552715952192	0.806115269097961
X247	0	0	0	0	0.145089078372395	0.160025021635503	0.0115736911583624	0	0.0256489920857567	0	0	0	0	0.0282267882928107	0.14020005257728	0.0750191877228958	0.0508033055232202	0	0.307958702946727	0.00653172318064729	0.0377989232927276	0.0111245332116745	0	0	0.615197913940038	0.796344030843373
X248	0.18565411733413	0	0	0.00235439387910314	0.125535341402419	0	0	0	0.215377790048799	0	0.0334793254517393	0	0	0.0726824942888567	0.290248581865538	0.0628096771762139	0.00393399434168513	0	0	0.00792428421151728	0	0	0	0	0.275135543176893	0.974711647225475
X249	0	0	0	0.0379004535268548	0	0	0.868693095105337	0	0.0139452136550772	0	0	0	0.0158241671508732	0	0	0.0118777748571533	0.0012125048561349	0.020937748268624	0	0.0274258675824383	0	0.00218317499750779	0	0	0.693668684376789	0.945694908166614
X250	0.032191338132801	0.100218574990475	0.036476374739015	0.0487646416678502	0	0	0.0705286251207517	0.101229534310645	0	0.0552860099805444	0	0	0	0.0255873380541265	0	0	0.433317326793532	0	0	0	0.0457338261705898	0.0506664100396689	0	0	0.582417338429918	0.822770839552369
X251	0	0.029353364219488	0.0262798840778566	0.127029102072495	0	0.020364372545039	0.0471042938927358	0.124227967539683	0.0189533337289995	0	0	0	0	0	0.0380164559209769	0.0390041241244496	0	0.00898581549332042	0.0649648481696954	0	0	0.070059716204721	0.38565672201054	0	0.325229963366339	0.974746263923354
X252	0.0297816407513588	0.0236749488123715	0.0260042842292063	0	0.279392209066372	0.193017239705198	0	0	0.101227579017609	0	0.06532228425971	0.0191699121297243	0.0523535206245698	0.0542337518990533	0	0.0762944175287606	0	0	0.0289882684527846	0	0	0	0.0505399435232821	0	0.297952339180488	0.966113441621109
X253	0.0121592586819365	0.0223627128649227	0.0903864126573383	0.242215037590066	0	0	0	0.212426674428684	0	0	0	0	0.0944664682841937	0.0142629605895616	0.0303403966288148	0.00576896512118975	0	0.0513261210886383	0.0153168559516433	0.0977117900820528	0	0.081046288816882	0.0302100572140757	0	0.431879564972575	0.900459734872549
X254	0.0223267341658434	0.0631274179983757	0	0	0.400942473082766	0.18204371507219	0	0	0.0986187791073779	0	0.0193848797541687	0	0.0989492982472673	0	0	0.00429463537014363	0	0	0.00944724304066977	0	0	0	0.100864824161197	0	0.148235002381791	1.04532526570578
X255	0.0812645788135609	0	0.0908067810200319	0.251004135414494	0	0	0	0.196130499340132	0	0.0798952531240559	0	0	0.0597943386328337	0.0137034732421151	0.0654722794490762	0.0275305780173921	0.0794924744907713	0	0.00900355721137334	0.0459020512441628	0	0	0	0	0.185450520449748	1.01474460881895
X256	0.0160990592164911	0	0.285862554838543	0.0783437251743967	0.210043205377935	0	0	0	0.0883050027554633	0.100266194073857	0	0	0.0853169419551404	0	0.0197809797210511	0	0	0	0.0322939596043764	0	0.00196332366470012	0	0.0817250536180447	0	0.232995320885012	1.00127219246079
X257	0.0464690837113444	0	0	0	0.352099484755746	0.171425480810013	0	0	0	0	0.0143660756220985	0.016428103925656	0.0862288520467271	0.0292976033822601	0.108794505697222	0.012996081440885	0.0479255099810431	0	0	0.0983410146920823	0	0.015628203934922	0	0	0.0598404900176796	1.07515930658504
X258	0.0495548493739609	0.0482185421382327	0	0	0.293124688576826	0.175411679208363	0	0	0.0162430844339262	0	0	0	0	0.0319531749139858	0.00390270831480801	0.15582239574673	0	0	0	0.0756616978758388	0.131462253572375	9.24729844113095e-05	0.0185524528605424	0	0.146409234615099	1.04148947765761
X259	0	0	0	0	0.401060374263919	0.0971393504685372	0	0	0.0438822503274728	0	0.0120031224949477	0.0131859667274717	0.149974308596968	0.0421794837873697	0	0.0140404337017075	0	0.0988188963465342	0.0376229969323562	0	0	0.0120078239663412	0.0780849923863748	0	0.465208722219841	0.884089114732464
X260	0.0450482320765277	0.00677666316168748	0.114137546793361	0.213327588829535	0	0	0	0.231859749999004	0	0.020387427411072	0.0305565302587425	0.019517962071281	0.0959547710322883	0.0130412827828462	0	0.0226017754452542	0.0195719209337833	0.031978231255094	0	0.0783837445777397	0	0.0384047768506608	0.0184517965211227	0	0.245434145465676	0.989774737128898
X261	0	0	0	0.0656084726812038	0	0	0	0.0426551258852728	0	0.00490542956216128	0	0.417256203601106	0.303314244645271	0.0617932548364602	0	2.50155216785327e-05	0	0	0	0.0127948997924568	0	0.0100532566162408	0.0815940968581494	0	0.790966259895236	0.634714279001483
X262	0	0.0367733692662443	0.0299282894841762	0.0374206583778463	0.128289669802357	0	0.0351751997968946	0	0.11894779246416	0.0815439848580495	0	0.218488335394867	0	0.00573409874263141	0	0	0	0	0.123523723888309	0.127126390271481	0.0435079295234369	0	0.0135405581295468	0	0.12862343482038	1.07072276651074
X263	0	0.055348069858408	0	0.088625012441935	0	0	0	0.0943104244147551	0	0.106946566848519	0.00868929399193547	0.629893974058392	0	0.00162672785895596	0	0	0.014109768976402	0	0	0	0	0.000450161550697087	0	0	0.240687221023295	1.27952648246507
X264	0.00457643826909133	0	0.0280340316676972	0.102339192674665	0	0.0650666443736068	0	0	0	0.290233352584839	0.0622517704945455	0	0.0472388842968218	0	0.0196085376446698	0.0325233584507743	0	0	0.227358632555999	0	0.0159787466402431	0	0.104790410347048	0	0.120142151176282	1.05858287235581
X265	0.0432607249866798	0.0109629672723399	0	0	0.259932291417343	0.136040516117428	0	0	0.00651544530184957	0	0	0.0449051993291054	0.14706139448124	0.0708376058652747	0	0.0472421862634773	0	0	0.0511367093258655	0.0394069511173164	0.0356970497790409	0.00479657107295005	0.102204387670089	0	0.0701209630142421	1.07318844094063
X266	0	0	0.0310973610977548	0.194813270787787	0	0	0.0634338610925391	0.336171539073183	0.0761364318019517	0.108035437200351	0	0	0	0.0462749037763201	0.0109852462456214	0	0	0.0489638734249615	0	0	0.0198910408048784	0.0059575431811257	0.058239491513525	0	0.347326082825432	0.947671277100749
X267	0.0718146868725308	0.0493826861930787	0	0.163191247384259	0	0	0.0727720714300395	0.0617429906766017	0	0	0	0.0166446463588154	0	0.0264079110928309	0.0310661677807435	0.386953976774491	0	0	0.0263225351201635	0.0143343601733145	0	0	0.0793667201431319	0	0.10416598093408	1.0780824725075
X268	0.0601774989136151	0	0	0	0.129097893799183	0.00264521189503504	0	0.0210880015376385	0.0139360704527592	0	0	0	0.730670716795677	0	0	0	0	0.00722630551755383	0	0.0165260192189204	0	0.0107659340881589	0.00786634778145891	0	0.317709330707	1.15405751067367
X269	0	0	0	0	0.00635004909499651	0.026670033624192	0.182930912209213	0	0.00351929733978775	0	0	0.00117460165223464	0	0.489008361096064	0.123969704519294	0	0.0846263217314667	0	0	0.0209334708921939	0.0125927089200442	0.0482245389205134	0	0	0.0756483543039406	1.26003876868635
X270	0.0446696394898239	0	0	0	0.254820127202928	0.194104367036983	0	0	0.114005185637922	0	0.0638600764768275	0.00965838638089393	0.0487122621146613	0	0.0754156605511217	0.00883362108662862	0	0	0.0543183259508412	0	0.0395294049747532	0	0.092072943096616	0	0.0396551827831163	1.07821290769673
X271	0	0	0.0831276652061285	0.301293145952805	0	0	0	0.257552377872195	0	0.0272472467769342	0	0	0.0729790757434697	0	0.0250390384987263	0	0	0.0730955158103045	0	0.159665934139436	0	0	0	0	0.591821616995031	0.810980265367912
X272	0.0453508135855304	0.0508848901940889	0.0747464579158374	0.123845703759413	0	0	0.0662174280406878	0.243404374510704	0	0.0633249880798082	0	0.0733909115441837	0	0	0.0358140611986425	0	0.107441357822756	0	0	0.0562006398111208	0	0.0593783735372268	0	0	0.0332810806246077	1.08029557990222
X273	0	0	0.0425220075308562	0.215485091776739	0	0	0	0.255530993249516	0.0676861473206183	0.0849834105866041	0.046140892107434	0.0337640397433521	0.0300954421659101	0.00683975713440677	0.000968139553668144	0	0.0448613736408557	0.0268081146847923	0.00518317477105985	0.0290368408819911	0.0797531492950946	0.0303414255571016	0	0	0.167269226750453	1.03143885426025
X274	0	0.00467275287518824	0.0219005986420408	0	0.337158481408639	0.253980746177588	0.0757145512408408	0.045894372827911	0.0272280595190113	0	0	0	0	0.0273879953972463	0	0	0	0.0833722703779253	0	0.122690171533609	0	0	0	0	0.542226784778493	0.838969198541928
X275	0	0	0	0	0	0.140634628214867	0	0	0.0288265683262939	0	0	0.101030148236796	0.0481198873533107	0	0	0.107592813497153	0.0309345835459606	0	0.472655855355377	0	0.070205515470242	0	0	0	0.450228949032597	0.90133111086395
X276	0.000314002487884707	0	0.0546393083901535	0.354275649402665	0	0	0	0.197970942557941	0	0.12786641610654	0	0.00589677352667234	0.00064430590762659	0.00594041014974818	0.0471209342674357	0	0	0.00608730794945224	0.0629480683166775	0.0259073598829059	0.0429369483983907	0.0612684050325997	0.00618316762330655	0	0.171143685536752	1.04150899071078
X277	0	0	0	0.0449050543474828	0.0626689543996351	0.0472826009855245	0.118792448080268	0.248705138960445	0	0	0	0	0	0.245608849150085	0.0712004287005821	0.0897113798785024	0	0.0049786115379603	0.0117929244638626	0.0531881271126496	0	0	0.00116548238300248	0	0.743610677490356	0.688238941386032
X278	0.029684695514277	0.00428070681770044	0	0.387863241196648	0	0	0.0197555259201425	0.314625129690352	0.0257345385958041	0.0473864839534215	0	0.0243903082614529	0	0	0	0.0115602232676112	0	0.0531001504006109	0	0	0.0334424955260979	0.0481765008558818	0	0	0.597289129540527	0.800956635164673
X279	0.0580754878882933	0.0423092239571888	0	0	0.27954874390728	0.224143671564037	0.0160626795351663	0	0	0.0142375869448767	0	0	0	0.0332953151521998	0.130714771273669	0.0643655058363356	0	0.0117166390578425	0	0	0	0.0279139969780549	0.0976163779050564	0	0.0725160668647551	1.07036179865613
X280	0.00151511598036037	0.0391594862901286	0.00431781567146862	0	0.56631278597247	0.147187073787893	0.00604056844327787	0	0.0619174316300922	0	0.0368060781016503	0	0.0385640522387823	0	0	0	0	0	0	0	0.0514735536438213	0.0289050933052574	0.0178009449347978	0	0.325749208626029	0.971542199703645
X281	0	0.0655299335489953	0	0.114321925463386	0	0	0.150002108129563	0.211956333881226	0.00399791153703311	0	0.0271179582111097	0.0417821255915189	0	0.021136850558487	0	0	0	0.238112092946975	0	0	0.126042760131706	0	0	0	0.335167942189739	0.956272429530857
X282	0.0344396957978508	0.516568306542866	0	0	0.0417139942321634	0.0552028876991004	0.00823940037214895	0	0	0	0	0	0	0.0508084085049716	0	0.0214680551287339	0	0	0	0.0844668095077094	0	0.0220188295048426	0.165073612709613	0	0.644085235886504	0.763390288010365
X283	0	0.399683775608781	0	0	0.221137080934202	0	0.0213226335437043	0	0	0.0112679841708705	0.0149137388381566	0	0	0	0.0134964661452266	0	0.19635585934424	0.0907877607846465	0	0	0	0.0310347006301726	0	0	0.640935009462944	0.770694243905743
X284	0	0	0.00702795591929711	0.021547037678882	0	0.0965090821011575	0	0	0	0	0.0203315272709465	0.700446713299162	0	0.00182105838177156	0	0	0.0182616816637264	0.0707190827469958	0.0430527786188394	0	0.013320940122682	0.00696214219654028	0	0	0.060110406351292	1.48938364066528
X285	0	0.030907543258516	0	0	0.149275307280366	0.0354134575135124	0	0	0.0155529733070416	0	0	0.67793300508926	0.013213162521738	0	0	0	0.0191000034459325	0	0	0.0353582735391451	0.0232462740444884	0	0	0	0.0373854239980851	1.49155908503163
X286	0	0	0.0682274374821046	0	0	0	0.0477176968063899	0.302232155136113	0.0442414305763013	0.198962157244203	0	0.000591049141290346	0	0.0362856743506408	0	0	0.0666548151026538	0	0.0102551988912592	0	0.0572173276037623	0.0941098341135208	0.0735052235517609	0	0.166474534664319	1.03041697154956
X287	0	5.7759110249309e-05	0.118295625229221	0.165757971517309	0	0	0	0.209305979262395	0.0125854979657196	0.0581227091888478	0	0.0225564037070675	0.0532191184399225	0.0676833088135144	0.0501225318006705	0	0	0.0471461307439879	0.0363275012340761	0.0938446596414479	0	0.0649748033455706	0	0	0.0848656577112379	1.05705296063836
X288	0.666446562876011	0.0436780868231022	0	0.0466867675151469	0.0842431418737466	0	0.00241060895936296	0	0.0385739337878235	0	0.000698387498401849	0	0.016866884626349	0.00185277432947602	0	0	0	0.0571863020606042	0	0	0	0	0.0413565496499761	0	0.187586780995925	1.15885404311034
X289	0.0698395166695508	0.0171357731210468	0.0196931334613517	0.158221621355291	0	0	0.0742716338440115	0.236304209978304	0.0407906036862077	0.0804830903991585	0	0.0829740397594411	0	0.0128770179652425	0	0	0.0692295541317607	0.0364977692011797	0	0.0413219947212549	0	0.0603600417061988	0	0	0.250675592802937	0.98839719227656
X290	0	0	0	0	0	0	0	0.150912077869957	0.0126862996880192	0.069473047575448	0	0	0.0831372471031195	0.587759623841811	0	0	0.029927698133472	0.000706436285379085	0	0	0	0	0.0653975695027945	0	0.503124198241468	0.951132268335543
X291	0	0	0	0.636354288834376	0	0	0	0.242891936588447	0	0	0	0	0.00397552082357349	0	0.0144673501247266	0	0.000928616830374828	0.0127313255235507	0	0	0.0302271842094484	0.0229972105879461	0.0354265664775564	0	0.705687937157861	0.709662272959448
X292	0.0502956046910805	0.0506263670330156	0	0	0.397586456412852	0.172761152684499	0.0674803165722401	0	0	0.0170077727302869	0	0.065518875497591	0.00785022452107657	0	0	0.0157623913559448	0.110584723289519	0	0.0445261152118941	0	0	0	0	0	0.050546886951312	1.09015140086318
X293	0.0357065544162398	0	0.0554109078972209	0.212953371085508	0	0	0	0.306820962030809	0.0188465465733035	0	0	0.0387942667399685	0.0294041238151047	0	0	0	0.0444182996445614	0.0877369434767509	0	0.0913873218644929	0	0.078520702456041	0	0	0.0563123030117598	1.08394083370664
X294	0.0898397540295703	0	0	0.364156271543266	0	0	0	0.184701031312276	0	0	0	0.0112123657849892	0.0592893358235426	0.0149537964075135	0.0126409377262363	0.03310972262739	0.0608414587334531	0.0410107797827046	0	0.105222903309035	0	0.0230216429200238	0	0	0.163844764559861	1.03441595542083
X295	0.0725714211499499	0	0.0266911083445939	0.106040935248747	0	0	0	0.238654967944232	0.0536814421507144	0	0	0	0.0391283486119011	0.0126206734560722	0.169861632187135	0.112710535654063	0	0.00760441100058244	0	0.0540240805256218	0	0.0175955590700971	0.0888148846562898	0	0.281894912865198	0.969188627714963
X296	0.00595978145729286	0	0	0	0.134656441811144	0.736656157060059	0	0	0	0	0	0	0.00432715795125417	0.00129930610593826	0.0200583586049089	0.0248188442432879	0	0.00389858123636429	0.000659221029920685	0.0323448099183524	0	0.00748150946808131	0.0278398311133954	0	0.839149193963592	0.58008454440006
X297	0	0	0.0909314255463212	0.244451586034968	0	0	0.0625937744819754	0.138115589312716	0.0112269707074301	0.0591575898825828	0	0.0283180488279075	0	0.0221719364323141	0	0	0.061029884277716	0.112019792510182	0.012856944819713	0.0495495862529743	0.0154535739786464	0.0767668230274746	0.0153564739070786	0	-0.00869414439930053	1.10270647821493
X298	0.025029224901751	0.087358659479868	0.0324388510250528	0	0.247240654316332	0.221896758647661	0.066096775061668	0	0	0	0	0.0163809155499917	0	0.00989284456580772	0	0.0645677609285536	0	0	0.0437081576341491	0	0.0124354752264208	0.0341450971510073	0.138808825511736	0	0.388141921689576	0.924073170888359
X299	0.0460337769410734	0	0.00116318273319431	0.190333950896437	0	0	0	0.267434310649751	0	0.0438900209876073	0	0.0155502518136008	0.0923881080980157	0.0127649767387853	0.00693307514244541	0	0.0428900515909282	0.0968822448406183	0	0.0690905059726014	0	0.0853735243411442	0.029272019253798	0	0.168384328494057	1.02948750198414
X300	0.0171808793171566	0	0.0400660022486725	0.237534580431605	0	0.0595198784081805	0.0236674532005416	0	0	0	0.0629022059689345	0	0	0.00555910388483757	0	0.129095477147693	0.120615809910519	0.0579086612780237	0.206257466195917	0	0.020461904723818	0.0192305772841005	0	0	0.176608096527885	1.02602381915065
X301	0.0810341538340478	0	0.0117635917649201	0	0.219420480399513	0.217671489437151	0.00720172136443513	0	0	0	0	0	0.0582719331452592	0.0231904705583069	0.062538374735833	0.0973220235013937	0	0	0	0	0.00885566968319515	0.00468926513584827	0.208040826440097	0	0.290535214729026	0.973438112016466
X302	0	0	0.0742520977730262	0.253825014628014	0	0	0.0712337987685227	0.136449552490769	0	0.0125426241097163	0	0	0	0.0227127377410603	0.180380082594525	0.0627644894797194	0.0139844692518421	0.0286540098829359	0.0203721778721731	0.0601323058888339	0.041688864775335	0.0210077747435269	0	0	0.130327149160463	1.03937429017032
X303	0	0	0.0536759841647247	0.0102755255292029	0	0	0	0.0150257119354283	0	0	0.00182133761453572	0.823375386550953	0.0309426096413862	0	0	0	0.0061074967286342	0.0166154896795825	0	0.017445883873709	0	0	0.024714574281843	0	0.0604715503869463	1.65328588102441
X304	0	0.03785289038919	0	0	0	0	0	0.221251655777792	0.00664915634721965	0.0256114903150454	0	0	0.0369831233296973	0.627379123145784	0	0	0	0	0.00704474821450108	0.0227096830192299	0.0145181294615411	0	0	0	0.185042907292706	1.24330109748924
X305	0	0.0889959190805386	0	0	0	0	0	0.0324388892301512	0.109245190553479	0.0336493565793795	0	0	0.0274704281732693	0.667437420012515	0	0	0	0.00501964951620371	0.01852180460173	0	0	0	0.0172213422527334	0	0.066016242841932	1.35926369009458
X306	0	0.0343805288082151	0.0391810723418023	0.00777491664203676	0.00122378738972911	0.147571717836252	0	0	0.0272436845673338	0	0.0220936892776177	0.47680030258652	0	0.00590329219279498	0	0.0297452045253106	0	0	0	0.0461570891827309	0.0871738848262542	0	0.0747508298234026	0	0.122101920843802	1.21897468507374
X307	0.0152064792384563	0	0	0	0.07758517627725	0	0	0.0419008907458761	0.0838773253908675	0.0224543880656095	0	0.0138411636225497	0.0310618657865762	0.571654764056957	0	0	0	0	0	0.142417946815858	0	0	0	0	0.485465822083883	0.953221653904165
X308	0.0120836229052543	0	0.0179059570277475	0.167167498826558	0	0	0	0.177618558668676	0	0.090676822604564	0.0329037217725847	0.0269446560983072	0.0690703796576908	0.0209341777764965	0.0230571022346033	0.0732039522199617	0	0.0792609881749045	0.0547779639394184	0.0823178265519623	0	0.0657382836013348	0.00633848793993614	0	0.463660767223409	0.884197401409407
X309	0	0.0230992076010643	0	0.0438253340670136	0	0	0.162935828922467	0.0520227422200017	0.0802200153729354	0	0.0548775612986428	0.0356338233700094	0	0.0150462196989047	0	0.149369766604438	0.209604437851492	0	0.173365062993032	0	0	0	0	0	0.325939969365153	0.957831878455107
X310	5.77649697363405e-05	0.0888469365961954	0	0	0	0	0	0.0489571912148869	0	0.00296857979299542	0.00190660926407202	0	0	0.701927820813628	0	0	0.148959103061332	0	0	0	0	0.00637599428715397	0	0	0.925763224555792	0.393115531112582
X311	0.718554293837544	0.00563351952843398	0	0	0	0	0.0412413198597292	0.0991113465005512	0	0	0	0.00972465307880494	0	0	0	0	0.0202080632766476	0	0	0.0416802380621459	0.0387578672647886	0	0.0250886985913549	0	0.518868737158707	0.909484950633317
