9 5
10 2
157 3
176 2
1 3
6 4
165 5
167 1
194 5
221 1
342 1
346 3
156 1
177 3
48 3
47 1
73 4
72 3
193 1
222 5
215 2
235 4
376 3
377 2
170 4
203 3
71 5
95 4
117 3
216 1
234 5
405 2
404 4
278 2
282 1
225 4
258 5
116 4
244 4
277 3
285 1
313 2
22 5
44 3
63 3
62 1
129 2
130 4
296 2
330 4
372 1
387 5
367 2
388 2
393 3
182 2
183 5
96 5
55 5
81 3
217 4
218 2
373 4
97 3
124 1
219 1
239 1
238 3
123 3
151 3
237 2
114 1
140 4
5 5
172 2
150 1
297 1
299 3
304 1
303 4
211 5
111 3
110 1
333 4
332 1
338 2
349 1
135 5
288 4
309 3
327 5
335 2
39 2
58 1
168 4
169 5
378 4
382 5
38 3
59 5
337 4
368 3
390 2
406 5
417 1
380 2
381 3
50 4
85 1
224 5
32 3
61 2
103 4
251 4
252 2
33 2
94 1
108 5
147 3
136 2
275 4
274 5
314 3
11 3
12 2
154 3
180 1
312 4
347 2
348 5
223 2
228 1
46 2
45 1
189 2
261 3
191 1
250 3
272 4
70 2
69 3
232 3
310 2
320 3
20 5
294 2
319 4
321 1
356 2
355 5
412 5
413 2
24 5
42 3
295 5
374 5
385 1
365 3
386 3
395 2
75 3
65 4
188 5
375 2
384 4
66 1
98 1
115 2
423 4
99 5
143 4
163 1
121 3
132 4
14 4
13 1
174 3
201 1
148 5
185 1
57 2
83 1
82 4
248 1
210 3
241 5
109 2
40 4
41 5
257 3
266 4
37 1
146 2
336 1
351 5
326 3
68 2
290 1
307 4
352 4
155 4
56 1
204 2
52 2
370 4
420 5
171 1
392 4
34 5
260 4
396 4
253 1
254 5
4 2
126 5
128 1
139 5
273 3
287 1
161 3
311 1
2 1
152 4
226 1
233 2
358 1
379 3
230 3
350 3
245 5
399 3
400 4
301 1
345 4
389 1
325 4
300 5
340 3
323 1
383 1
64 2
76 4
107 4
101 1
421 3
293 3
149 2
198 5
27 5
28 1
166 2
197 4
212 4
92 2
93 5
262 4
80 4
79 2
145 1
292 2
125 2
362 3
186 4
178 2
179 4
86 5
354 2
153 2
51 3
202 5
259 1
403 1
3 5
7 1
308 5
159 2
190 3
206 5
209 1
231 5
246 1
276 2
264 3
43 1
247 2
305 5
366 1
25 2
187 2
402 5
220 2
89 3
401 2
67 4
236 5
29 5
112 4
142 2
100 4
131 2
279 1
302 3
8 3
196 5
164 3
35 4
195 3
213 1
343 5
49 2
88 4
74 1
214 3
269 3
36 5
242 4
284 3
357 4
360 5
419 3
53 5
315 5
18 3
17 2
16 4
181 5
175 1
240 2
229 4
414 5
415 2
19 4
249 2
134 1
306 2
328 2
398 2
371 5
363 2
84 2
91 5
119 4
316 2
31 2
60 4
102 2
267 1
286 4
353 3
173 4
394 4
77 2
410 3
256 2
317 1
344 2
289 2
15 1
184 4
322 2
208 2
227 4
416 3
281 4
271 1
418 2
391 1
104 3
137 5
30 4
243 3
122 1
87 1
127 3
397 3
407 1
78 3
113 2
90 4
263 2
291 5
120 2
207 3
324 3
199 3
265 1
364 5
283 4
192 3
106 5
21 4
318 3
411 1
424 1
118 1
255 3
26 3
270 5
408 4
361 1
422 5
331 3
160 5
105 1
138 3
141 1
162 5
133 3
23 2
369 5
268 2
359 4
158 4
409 1
205 1
54 2
280 5
200 5
298 2
329 5
339 4
334 1
144 3
341 2
