9 10
157 176
1 6
165 167
194 221
342 346
156 177
48 47
73 72
193 222
215 235
376 377
170 203
72 71
95 117
216 234
405 404
278 282
225 258
117 116
244 277
285 313
22 44
63 62
129 130
296 330
372 387
342 367
388 393
62 72
182 183
96 117
55 81
217 218
373 387
97 116
124 129
218 219
239 238
123 130
151 182
238 237
114 140
5 6
172 203
150 183
297 299
304 303
211 238
111 110
333 332
338 349
135 157
288 309
327 335
39 58
168 169
378 382
38 59
337 349
368 390
406 417
169 170
380 381
50 85
224 225
32 61
103 111
251 252
33 62
81 94
108 147
136 135
275 274
314 313
11 12
154 180
313 312
347 348
223 228
46 45
189 261
191 224
348 349
378 380
250 272
70 69
232 251
310 320
20 48
294 304
319 346
309 321
356 355
412 413
24 42
295 303
374 385
347 365
386 395
61 75
65 70
188 261
375 384
66 69
98 115
406 423
99 114
143 151
130 163
121 132
14 13
174 201
148 185
57 58
58 59
83 82
248 275
210 241
82 81
109 108
40 41
257 266
37 61
108 146
336 351
303 326
176 177
68 69
290 307
335 352
155 154
41 56
204 203
52 82
370 388
404 420
171 172
390 392
34 65
189 260
395 412
396 413
253 254
1 4
126 128
139 154
273 287
161 172
312 311
2 4
170 204
152 182
188 260
225 226
233 234
358 379
244 278
230 254
350 351
245 277
399 400
296 301
342 345
390 389
325 335
300 330
340 348
307 323
376 382
346 345
383 399
64 73
76 98
377 382
69 107
123 129
101 111
404 421
114 139
150 182
132 161
293 294
149 183
198 217
27 28
166 168
197 218
212 238
92 93
262 297
80 79
38 58
145 147
292 304
126 125
352 362
186 188
178 179
50 86
63 65
333 354
153 152
51 85
202 201
59 76
81 93
259 261
146 147
380 403
154 179
3 7
308 307
191 223
159 174
260 261
190 224
337 336
206 209
231 251
246 276
264 294
24 43
247 275
305 326
347 366
25 42
327 333
185 187
375 385
348 365
378 402
66 70
220 221
194 193
86 89
381 401
67 69
236 235
29 58
215 216
112 142
100 114
121 131
103 109
279 278
278 277
302 301
7 8
186 185
196 219
301 330
164 170
35 63
195 220
213 237
343 342
258 257
49 88
74 73
223 226
214 236
375 376
269 290
36 61
242 279
284 313
335 351
406 405
332 357
20 46
294 302
354 360
419 420
389 392
53 83
396 412
79 95
277 315
125 128
18 17
161 171
143 149
2 5
17 16
152 181
44 43
188 189
43 42
10 14
230 253
175 217
86 85
209 240
245 278
229 254
414 415
18 19
210 239
112 111
300 301
249 287
299 296
134 135
306 323
303 328
383 398
365 371
358 380
167 168
76 97
377 383
350 363
101 112
222 223
84 91
49 86
119 134
223 224
234 250
282 316
31 60
102 112
166 167
250 251
277 276
165 168
276 275
156 178
193 223
4 18
315 314
216 250
346 347
261 262
377 378
267 292
63 64
286 311
333 353
173 174
404 419
388 394
387 395
59 77
395 410
55 80
373 386
64 71
97 115
88 126
256 257
123 131
317 344
289 290
16 15
150 184
142 152
159 173
321 322
15 14
149 185
42 41
206 208
322 323
352 353
41 57
85 84
353 354
388 387
84 83
227 256
305 325
387 386
416 417
288 308
110 109
281 315
271 289
348 366
417 418
337 350
157 156
168 208
304 325
380 402
352 360
67 70
50 84
391 392
402 401
51 83
103 110
170 171
104 109
136 157
225 189
367 391
137 156
30 31
164 169
163 170
62 64
191 225
96 97
97 98
232 252
124 123
243 279
30 39
123 122
309 322
151 150
264 296
314 316
87 127
295 302
343 344
150 149
386 396
397 407
416 423
375 383
198 197
385 397
78 96
211 212
99 113
90 124
143 150
263 262
291 292
120 134
148 187
10 15
292 293
168 207
323 324
175 199
229 253
203 212
324 325
354 355
210 240
249 273
258 262
355 357
386 385
257 265
14 24
303 327
385 384
365 370
290 306
147 187
272 273
335 353
302 328
350 364
47 50
390 393
410 413
71 103
389 394
283 316
107 146
139 153
32 33
2 6
33 34
65 66
365 364
192 222
233 250
66 67
98 99
106 146
245 276
99 100
266 292
130 131
18 21
32 37
121 120
307 324
312 318
395 411
183 184
346 367
148 186
396 410
383 400
64 72
187 260
377 381
196 195
404 424
213 214
403 420
93 120
149 184
102 110
147 186
197 219
118 157
12 13
179 195
52 53
212 237
227 255
201 214
262 299
226 256
373 374
271 288
27 26
270 289
408 407
139 140
352 361
422 424
330 331
353 360
161 160
51 84
45 52
104 110
252 253
208 242
230 229
105 109
274 273
248 249
138 156
163 169
141 151
282 283
162 170
190 225
8 16
349 350
69 106
231 252
391 390
264 295
114 113
247 274
34 63
413 414
397 408
132 133
16 23
308 321
367 369
417 423
405 416
78 79
349 363
384 397
398 408
381 403
67 106
100 113
120 133
13 27
186 187
128 165
195 221
258 263
181 193
199 233
81 80
214 235
269 291
13 24
284 312
259 263
302 327
154 153
47 49
268 291
354 359
393 411
35 62
410 412
172 173
71 102
389 393
355 358
159 158
360 375
409 413
53 82
394 411
206 205
79 117
54 81
107 108
254 255
287 288
140 154
288 289
311 320
10 13
320 321
351 352
237 245
18 20
389 388
299 300
312 317
17 21
306 324
279 280
311 318
415 416
382 400
400 405
420 421
75 99
49 85
419 424
102 111
94 120
147 148
116 138
118 135
28 29
326 327
29 30
60 61
180 195
344 345
61 62
200 214
261 298
383 382
192 224
6 17
270 288
79 96
241 242
267 293
382 381
422 421
28 26
125 124
286 320
266 294
330 329
353 361
326 336
421 424
339 347
152 151
4 19
45 51
387 396
395 409
44 52
174 175
407 415
56 96
88 125
175 198
106 105
209 210
89 124
141 152
210 211
142 151
300 331
257 263
122 132
8 17
158 175
290 291
9 16
205 210
12 28
101 102
204 211
227 257
34 35
119 118
235 247
16 22
226 263
166 165
367 368
321 340
15 23
304 326
349 364
165 164
322 339
193 192
402 403
403 419
73 101
216 233
104 108
233 232
244 245
105 146
137 155
117 118
128 166
245 246
296 300
199 216
328 329
31 32
162 172
182 193
329 331
367 366
64 65
217 216
366 365
381 402
243 278
30 38
268 290
239 244
314 317
343 345
313 318
355 359
328 334
409 412
416 422
357 358
385 398
42 54
384 399
398 406
77 98
90 123
111 141
91 122
144 149
21 22
168 206
22 23
177 197
50 51
203 213
11 14
3 18
51 52
103 104
397 398
14 25
104 105
136 137
251 271
272 287
259 298
278 280
137 138
21 47
164 163
275 285
323 338
400 406
47 51
301 331
351 362
163 162
191 190
116 137
232 231
115 138
246 247
87 125
131 162
247 248
280 281
48 86
184 190
281 282
192 223
6 18
160 174
66 68
219 231
316 317
7 17
207 209
240 242
266 293
143 144
364 363
32 36
265 294
344 368
331 356
311 341
396 409
379 378
407 414
56 79
57 78
345 368
203 202
406 415
83 90
258 259
93 119
122 131
269 268
310 309
176 175
12 27
23 24
179 194
339 338
204 210
24 25
201 215
226 257
53 54
15 22
27 40
277 281
322 340
418 420
400 401
156 155
28 39
276 282
23 45
353 359
273 310
326 334
362 374
403 404
45 53
72 101
105 108
138 155
113 140
4 6
162 171
133 160
37 36
190 189
8 15
76 75
9 14
239 243
221 229
313 317
289 309
308 322
149 148
297 296
417 422
405 417
197 196
384 398
166 207
366 371
398 407
179 180
418 421
369 391
77 97
212 213
399 406
201 200
262 298
34 62
92 122
144 150
281 316
95 136
267 266
1 3
178 197
325 326
181 192
59 60
5 18
202 212
208 241
13 25
259 262
252 271
384 383
275 284
255 266
127 167
301 329
274 285
324 338
423 422
341 342
35 64
355 379
360 376
409 414
46 50
394 410
54 80
70 103
284 317
115 137
87 126
131 163
111 143
140 153
184 191
135 176
160 173
219 232
7 18
67 68
207 208
237 246
393 394
11 27
265 293
100 101
236 247
331 332
228 256
33 36
120 119
279 281
311 319
291 307
334 352
10 24
57 56
21 45
320 341
128 129
420 424
371 388
167 208
75 100
195 194
364 373
401 419
181 182
214 215
74 100
94 119
242 243
19 49
127 166
242 280
243 244
345 391
294 295
180 194
3 4
171 204
295 296
200 215
327 328
241 243
345 367
28 40
254 269
273 286
326 335
339 348
29 39
315 316
287 310
361 374
44 53
415 423
407 416
43 54
106 107
244 280
229 228
86 87
209 242
113 139
83 92
249 272
142 150
283 284
19 20
158 198
134 160
187 188
284 285
318 319
9 15
20 21
68 107
205 211
167 207
221 230
319 341
362 361
49 50
204 212
235 248
361 360
298 297
395 396
102 103
234 249
321 339
396 397
293 304
118 136
304 327
277 283
366 370
418 422
12 26
399 407
48 50
73 102
72 103
95 118
192 191
117 136
1 2
369 392
129 164
26 40
173 201
40 39
182 192
55 56
183 191
56 78
217 233
88 89
255 267
30 37
218 232
89 90
274 284
141 142
256 266
238 246
142 143
328 333
282 314
31 37
357 379
158 176
329 332
42 55
205 204
408 413
85 88
111 142
227 226
91 121
84 89
135 158
226 258
271 270
144 148
110 142
270 269
285 286
145 186
177 196
157 158
169 204
286 310
194 220
341 340
11 13
3 17
224 226
340 339
215 236
360 359
228 255
251 270
359 358
278 281
21 46
320 319
323 337
398 399
371 389
22 45
351 361
364 372
401 404
199 217
62 73
363 373
74 99
96 95
264 297
243 280
131 161
151 181
305 304
5 4
39 38
334 333
38 37
78 77
7 16
371 372
240 243
77 76
220 229
90 91
211 239
29 40
372 373
410 409
32 35
265 295
91 92
287 286
263 264
409 408
33 63
144 145
379 380
334 354
345 369
177 178
368 391
406 416
58 76
83 91
82 92
109 144
108 145
10 11
176 198
68 105
155 178
47 46
268 267
171 202
71 70
189 259
116 115
293 305
250 249
277 282
115 114
253 268
318 343
310 311
126 166
276 283
23 44
319 342
131 132
362 375
48 49
361 376
411 412
184 185
72 102
65 71
219 220
98 116
318 344
237 236
330 356
130 164
133 159
303 302
183 192
6 7
332 356
256 267
238 245
222 227
392 393
289 308
282 315
31 38
374 375
122 121
297 300
37 60
283 314
417 421
407 406
8 22
19 47
418 424
369 390
9 23
1 19
399 405
52 83
370 389
404 418
60 74
34 64
92 121
80 94
145 148
1 5
169 205
126 127
178 196
224 227
153 180
45 44
202 213
170 205
105 107
252 270
244 279
22 46
138 139
324 337
113 112
341 346
342 344
162 161
325 336
26 57
363 372
340 347
133 134
376 383
5 19
46 51
405 422
70 104
260 298
231 230
408 415
221 222
69 105
85 90
235 234
132 162
185 188
198 199
66 104
220 230
317 318
211 240
67 105
236 248
212 239
363 362
33 35
394 395
291 306
334 353
292 305
285 312
58 77
317 343
372 386
11 25
82 91
331 357
208 209
397 414
379 402
255 256
127 165
146 145
155 177
124 130
368 392
309 308
3 6
171 203
151 183
338 337
25 26
172 202
189 258
54 55
260 259
253 269
368 369
87 88
254 268
319 343
246 277
401 403
29 38
140 141
361 375
338 350
25 43
160 159
65 72
327 334
39 59
378 381
43 55
66 71
207 206
86 88
112 141
228 227
299 330
134 159
36 35
272 271
167 206
75 74
196 218
222 228
93 94
213 238
298 299
2 18
49 87
223 227
94 95
234 272
283 315
293 303
19 48
36 60
127 128
332 355
20 47
12 40
180 181
294 303
370 390
356 357
60 75
200 199
419 418
374 384
61 74
80 93
241 240
407 423
240 239
266 265
129 163
125 127
153 179
173 200
265 264
307 306
2 3
130 162
182 191
306 305
336 335
183 190
174 200
335 334
369 370
218 231
209 241
256 265
370 371
248 274
26 41
411 410
376 384
31 36
40 57
329 356
359 377
336 352
68 106
358 378
408 414
41 78
30 59
85 89
388 411
84 90
119 133
110 143
8 9
