Oligo	VLMC	Astro	L4_5_IT	L5_IT	L2_3_IT	Endo	L6_IT	Sst	L5_ET	L6_CT	Peri	PVM	Micro	SMC	L5_6_NP	Vip	OPC	Pvalb	Lamp5	L6_IT_Car3	L6b	Sncg
0	0	0.100102396919322	0.0366320810139407	0	0	0.0060525710724855	0.0897160673071448	0.0200968252817359	0	0.0320662855962291	0	0.369705515272688	0	0	0.345628257536453	0	0	0	0	0	0	0	0
1	0.0245153457979566	0	0.0209256257392841	0	0.0110087308059774	0	0.922731793189305	0	0	0	0	0	0	0.0208185044674771	0	0	0	0	0	0	0	0	0
2	0	0	0.604599860740778	0	0	0	0	0	0	0	0	0	0	0	0	0	0.312094309613442	0	0	0.0833058296457804	0	0	0
3	0	0.0137017260196799	0.52474456703127	0	0	0	0	0	0	0	0	0	0	0	0.163802177998838	0.0401497014047674	0.185711221401959	0	0	0.0718906061434842	0	0	0
4	0	0.179837478467096	0.0222687128994128	0	0	0	0.0541223502087012	0	0	0	0	0.644815887496515	0.0685624103922467	0	0.0303931605360282	0	0	0	0	0	0	0	0
5	0	0.239368824441189	0	0	0	0.3111039624779	0.0335102655711306	0.0542711016661756	0	0	0.137174098286091	0	0	0.0889972562943125	0.0765620601741704	0	0	0.0590124310890317	0	0	0	0	0
6	0	0	0	0	0	0	0	0	0.095948036556529	0	0	0	0	0	0	0	0	0	0.904051963443471	0	0	0	0
7	0	0	0	0.0219588247075317	0	0.0183383265055195	0	0	0.209783154369867	0.0205287340464554	0	0	0	0	0	0	0	0	0.349657666660118	0.379733293710508	0	0	0
8	0	0	0.128066129350986	0	0	0	0	0	0	0	0	0	0	0	0	0	0.549561716612108	0	0	0.322372154036906	0	0	0
9	0	0	0	0.194991262646205	0	0.701052198049842	0	0.0574215267286352	0.0227694187197941	0	0.0237655938555237	0	0	0	0	0	0	0	0	0	0	0	0
10	0	0	0.458031450222159	0.153250472791864	0.213909521452461	0.0150405206831195	0	0.159768034850397	0	0	0	0	0	0	0	0	0	0	0	0	0	0	0
11	0	0	0.967371354815738	0.012382258522705	0.0202463866615571	0	0	0	0	0	0	0	0	0	0	0	0	0	0	0	0	0	0
12	0	0	0	0	0.234021445748545	0	0	0	0.0269526983486797	0	0	0	0	0	0	0	0	0	0.739025855902775	0	0	0	0
13	0	0	0	0	0	0	0.950831159575321	0	0	0	0	0.0130173322181237	0.0177230891871483	0.0184284190194062	0	0	0	0	0	0	0	0	0
14	0	0	0	0.171274441442254	0	0.169579516478323	0.346811660358438	0.260437668295801	0.0506237329457664	0	0.00127298047941754	0	0	0	0	0	0	0	0	0	0	0	0
15	0	0	0	0	0	0	0.88188396908787	0	0	0	0	0	0.107912317877095	0.010203713035035	0	0	0	0	0	0	0	0	0
16	0	0	0.121441014579318	0.276228255499121	0.227343601609939	0.188888311478618	0	0.186098816833004	0	0	0	0	0	0	0	0	0	0	0	0	0	0	0
17	0	0	0.139539137314689	0.345075889900655	0.259398656150721	0.0225737960192699	0	0.233412520614665	0	0	0	0	0	0	0	0	0	0	0	0	0	0	0
18	0	0	0	0.019568391959209	0.112693245414615	0	0	0	0.130506417723546	0.73723194490263	0	0	0	0	0	0	0	0	0	0	0	0	0
19	0	0	0	0.00514706208123806	0.0349077663785681	0	0	0.0352844880586858	0.00583632377848122	0	0.00492274595670888	0	0	0	0	0	0	0	0	0	0.913901613746318	0	0
20	0	0	0	0	0.0417257790411832	0.463987689817097	0	0.00440647964616977	0	0	0	0	0	0	0	0.483675556005917	0	0	0	0	0	0	0.00620449548963314
21	0	0	0	0	0	0	0.813899875070317	0	0	0	0	0	0.186100124929683	0	0	0	0	0	0	0	0	0	0
22	0	0	0	0	0	0	0	0	0.364221883623935	0.188146731291127	0	0	0	0	0	0	0	0	0.260812281154445	0.186819103930494	0	0	0
23	0	0	0	0.0153835816914245	0.402143171487861	0	0	0	0	0.582473246820714	0	0	0	0	0	0	0	0	0	0	0	0	0
24	0	0	0	0	0.0583423289900566	0.0993994354538256	0	0.00683402545694444	0	0	0	0	0	0	0	0.830920632784928	0	0	0	0	0	0	0.00450357731424515
25	0	0	0	0	0.0177173478648549	0	0	0.0657808272474928	0.766029706228234	0.0259616708894655	0.0344217381069115	0	0	0	0	0.000436722760088775	0	0	0	0.0896519869029521	0	0	0
26	0	0.0505260518640649	0.0716408912484315	0	0	0	0	0	0	0.0325825325566018	0	0	0.13963525608665	0.104106563038471	0.559608317518454	0.0419003876873275	0	0	0	0	0	0	0
27	0	0.893324497183075	0	0	0	0	0.0765259361434484	0	0	0	0	0	0	0	0.0301495666734765	0	0	0	0	0	0	0	0
28	0	0.204139406355127	0	0.274240103715558	0	0.148285985721088	0	0.0992674071237927	0	0	0	0.0448495675860858	0	0	0.102318638681709	0	0.12689889081664	0	0	0	0	0	0
29	0	0	0	0	0.0323910918489696	0.391189301600737	0	0.00416070888190026	0	0	0	0	0	0	0	0.564209727373303	0	0	0	0	0	0	0.00804917029508961
30	0	0	0	0.706260074021867	0.0694369780150822	0.224302947963051	0	0	0	0	0	0	0	0	0	0	0	0	0	0	0	0	0
31	0	0	0.039906839264638	0	0.29437583331597	0	0	0.0189337246101213	0.500840323064757	0.145943279744513	0	0	0	0	0	0	0	0	0	0	0	0	0
32	0	0	0	0.214994811539958	0.132425306962432	0.0640033342998132	0	0.0939866111604982	0.0215375106398247	0.473052425397474	0	0	0	0	0	0	0	0	0	0	0	0	0
33	0	0	0.698413277510935	0.0451278112899709	0.164303585944004	0	0	0.0921553252550909	0	0	0	0	0	0	0	0	0	0	0	0	0	0	0
34	0	0	0	0.37829661668124	0.584758409688561	0.0171207426026495	0	0	0	0.0198242310275494	0	0	0	0	0	0	0	0	0	0	0	0	0
35	0	0	0	0.217072413475765	0.346511230265699	0	0	0.292677481597045	0.0339814198377003	0.0340765941981527	0.0756808606256374	0	0	0	0	0	0	0	0	0	0	0	0
36	0.190602734846291	0	0	0	0	0.01052343485983	0.00253596776660762	0	0	0.108367168528853	0.00163623717981925	0	0	0	0	0	0	0.686334456818599	0	0	0	0	0
37	0	0	0	0.0199919491201768	0.116679450843745	0	0.723917418903422	0	0.0181034397299841	0.060143810407204	0.024492457940075	0	0	0	0.0366714730553934	0	0	0	0	0	0	0	0
38	0	0	0	0	0.00721463113356175	0	0	0	0	0.608375484552179	0.199688683651673	0	0	0	0	0	0	0	0	0.184721200662587	0	0	0
39	0	0	0	0.58417876186296	0.196530710377496	0.0794296340267165	0	0.139860893732828	0	0	0	0	0	0	0	0	0	0	0	0	0	0	0
40	0.00398415842211868	0	0	0	0	0	0.666174771193038	0	0.0202336520681318	0.0167665218609524	0	0.111374256949056	0	0	0	0.181466639506703	0	0	0	0	0	0	0
41	0	0	0.126068873396219	0	0	0	0	0	0	0	0	0	0	0	0	0	0.285492178527092	0	0	0.588438948076689	0	0	0
42	0	0	0	0.0822031020838526	0	0.358955146872343	0	0.0646374820439743	0	0	0.473100242078441	0	0	0	0	0	0	0	0	0.0211040269213888	0	0	0
43	0	0	0	0	0.236700775443233	0.484832815469978	0	0.278466409086789	0	0	0	0	0	0	0	0	0	0	0	0	0	0	0
44	0	0	0	0	0	0.84544216307231	0	0	0	0	0	0	0	0	0	0.149837058623952	0	0	0	0	0	0	0.00472077830373778
45	0	0	0	0	0	0.508325841904451	0	0	0.311600747317235	0	0	0	0	0	0	0	0	0	0.180073410778315	0	0	0	0
46	0	0	0	0	0.0766397588889416	0.743281528458312	0	0.180078712652746	0	0	0	0	0	0	0	0	0	0	0	0	0	0	0
47	0	0	0	0.070655283314342	0.412598817710051	0.0542391790605116	0	0.399512298826273	0	0.0369898921669803	0.0260045289218419	0	0	0	0	0	0	0	0	0	0	0	0
48	0	0	0	0.00778602515096611	0.0300486936199403	0.0164337589203185	0.0747260414395588	0	0	0.855145196740012	0.00229067072918019	0	0	0	0.0135696134000237	0	0	0	0	0	0	0	0
49	0	0	0	0.942994519766772	0.0185194674229382	0.0384860128102903	0	0	0	0	0	0	0	0	0	0	0	0	0	0	0	0	0
50	0	0	0	0.205102618307967	0.541914219102265	0	0	0	0	0.0472472952010324	0.114721648176825	0	0	0	0	0.0910142192119104	0	0	0	0	0	0	0
51	0	0	0.204348668158048	0.0574488297187663	0.0732823983067164	0	0	0.0193646708703741	0.268486948676344	0	0.0200864406503159	0	0	0	0	0.000577789348786543	0.356404254270648	0	0	0	0	0	0
52	0	0	0	0	0	0	0	0	0.0231477520832872	0	0	0	0	0	0	0	0	0	0.976852247916713	0	0	0	0
53	0	0	0	0	0	0	0	0.019122780094832	0	0.0311594373264227	0.949266587794422	0	0	0	0	0.000451194784322874	0	0	0	0	0	0	0
54	0	0	0	0	0	0	0	0	0.00408990772534109	0	0	0	0	0	0	0	0	0	0.995910092274659	0	0	0	0
55	0	0	0	0	0.078940070021381	0.129979863930737	0.582882004892115	0.187669575148297	0	0	0	0	0	0.0205284860074696	0	0	0	0	0	0	0	0	0
56	0	0	0	0	0.376155304277817	0	0	0	0	0.623844695722183	0	0	0	0	0	0	0	0	0	0	0	0	0
57	0	0	0	0	0.00738714103559292	0.036528163115204	0	0.0265055602884479	0.0393715171223803	0.600175175279517	0.0593669401764621	0	0	0	0	0	0	0	0	0.230665502982396	0	0	0
58	0	0	0	0	0.1208700757415	0.0159148373655617	0	0.0372034915592133	0.0236930085738384	0.611822151579875	0	0	0	0	0	0	0	0	0	0.190496435180012	0	0	0
59	0	0	0.128312019534029	0.211299593805304	0.3798587487553	0	0	0.280529637905367	0	0	0	0	0	0	0	0	0	0	0	0	0	0	0
60	0	0	0	0	0	0	0.883184617221858	0	0	0	0	0	0	0	0	0	0.0661276668649731	0	0	0.0506877159131684	0	0	0
61	0	0	0	0	0	0.359220582169084	0.000546775366636703	0.0103285982566239	0.0178205196299585	0	0	0	0	0	0	0.512460331939058	0	0	0	0	0	0.0050767803276095	0.0945464123110294
62	0	0	0	0.190724343711213	0.00988280791419007	0	0	0	0.0272671520783598	0.13697598613549	0.0138803739296685	0	0	0	0	0	0	0	0	0.621269336231078	0	0	0
63	0	0.0338211596227116	0.306150138888922	0	0	0	0	0	0	0.0253632747155517	0	0	0	0.0530736827837768	0.484400254032032	0.0971914899570059	0	0	0	0	0	0	0
64	0	0	0	0.093902761702339	0.497790927441993	0.176916700870882	0	0.199862907974602	0	0	0.031526702010185	0	0	0	0	0	0	0	0	0	0	0	0
65	0	0	0	0	0.043912170433587	0.34699122972584	0.000989507527513121	0	0	0	0	0	0	0	0	0.60810709231306	0	0	0	0	0	0	0
66	0	0	0	0.0732307380926973	0.0191209449872526	0.0155810330890979	0	0	0	0.892067283830952	0	0	0	0	0	0	0	0	0	0	0	0	0
67	0	0	0	0.787952563284383	0.0203338662248235	0.191713570490793	0	0	0	0	0	0	0	0	0	0	0	0	0	0	0	0	0
68	0	0	0	0.257336757863082	0.701828993084411	0	0	0	0	0	0.0408342490525065	0	0	0	0	0	0	0	0	0	0	0	0
69	0	0	0	0.009403546079883	0.106503794295374	0	0	0.203093218676878	0	0.0725238611558082	0.608475579792057	0	0	0	0	0	0	0	0	0	0	0	0
70	0	0	0	0.259495969052258	0.52163372053509	0.055161198570636	0	0.163709111842016	0	0	0	0	0	0	0	0	0	0	0	0	0	0	0
71	0.00381289368241475	0	0	0.0075455723679802	0.0697322305181925	0	0	0.0184221173936436	0.00976606754639711	0.0786595343841337	0.0362790766878234	0	0	0	0	0.775782507419414	0	0	0	0	0	0	0
72	0	0	0	0	0.00711570895229253	0.0055630136383123	0	0.0194858870547731	0.0266659248401134	0.58484078355448	0.216426942198727	0	0	0	0	0	0	0	0	0.139901739761302	0	0	0
73	0	0	0	0.110277448593914	0.515068280965006	0.0464819574998288	0	0.283516940414106	0	0.044655372527145	0	0	0	0	0	0	0	0	0	0	0	0	0
74	0	0	0	0	0.157289478319779	0	0	0.166434253778323	0	0.0743095932822653	0.457065708166574	0	0	0	0	0.000941326424455126	0	0	0	0	0.143959640028603	0	0
75	0.931613246640223	0	0	0	0	0	0	0.0538627966711474	0	0	0	0	0	0	0	0.0145239566886292	0	0	0	0	0	0	0
76	0	0	0	0.408155074900952	0.0808518712706524	0	0	0.424244654181842	0.0285857308801647	0	0.0581626687663886	0	0	0	0	0	0	0	0	0	0	0	0
77	0.0051642319252113	0	0	0	0.0454008229951358	0	0	0.0643960970003884	0	0	0.0104979365300686	0	0	0	0	0.265967613986858	0	0	0	0	0.608573297562338	0	0
78	0	0	0	0	0.294178078506162	0.0187854499078605	0	0.197495762032185	0	0.330702067161554	0.158838642392238	0	0	0	0	0	0	0	0	0	0	0	0
79	0.103215448444747	0	0.316597899584777	0.0457780658006007	0.105743237475665	0	0	0.142732641059853	0	0.0128336937616937	0	0	0	0	0	0	0	0	0	0.273099013872663	0	0	0
80	0	0	0	0.197583000078636	0.313754935262819	0.35093563850552	0.00899676345161983	0.128729662701406	0	0	0	0	0	0	0	0	0	0	0	0	0	0	0
81	0	0	0	0.0111592421860416	0	0.988840757813959	0	0	0	0	0	0	0	0	0	0	0	0	0	0	0	0	0
82	0	0	0	0.787177313233375	0	0.212822686766626	0	0	0	0	0	0	0	0	0	0	0	0	0	0	0	0	0
83	0	0	0.0218492562285851	0	0	0	0	0	0	0	0	0.978150743771415	0	0	0	0	0	0	0	0	0	0	0
84	0	0	0.0154325873054589	0.193835435178069	0.790731977516472	0	0	0	0	0	0	0	0	0	0	0	0	0	0	0	0	0	0
85	0	0	0	0.532943112220079	0.428409008809191	0.0386478789707299	0	0	0	0	0	0	0	0	0	0	0	0	0	0	0	0	0
86	0	0	0.214376497980923	0.194413421514247	0.169120137876872	0.189062083636756	0	0	0	0	0	0	0	0	0	0	0	0	0	0.233027858991202	0	0	0
87	0	0	0.241083578443362	0	0.404730791980488	0	0	0.168835689019457	0	0	0	0	0	0	0	0	0	0	0	0	0.185349940556694	0	0
88	0	0	0	0	0.00521936908884101	0.191733789855441	0	0.0111306021338508	0	0.00732623426187827	0	0	0	0	0	0.77428522201409	0	0	0	0	0	0	0.0103047826458991
89	0	0	0	0	0	0	0	0	0.0240187687602245	0	0	0	0	0	0	0	0	0	0.975981231239775	0	0	0	0
90	0	0	0	0	0.0325468739142836	0	0	0.0540932795629998	0	0	0	0	0	0	0	0	0	0	0	0	0.807028831365617	0.106331015157099	0
91	0	0	0	0	0.0896288463811834	0	0	0.0542185613879896	0	0	0	0	0	0	0	0	0	0	0	0	0.836481068991467	0.0196715232393597	0
92	0	0	0	0	0.0839000864695985	0	0	0.185860444360389	0	0	0.729719313688695	0	0	0	0	0.000520155481317325	0	0	0	0	0	0	0
93	0	0	0	0.223146841658341	0.203411206372966	0	0	0.12399873924299	0	0	0.449443212725704	0	0	0	0	0	0	0	0	0	0	0	0
94	0	0	0.145206466449747	0.161339002331863	0.225335361681013	0.0402981944571156	0	0.251487257929212	0	0	0.17633371715105	0	0	0	0	0	0	0	0	0	0	0	0
95	0	0	0	0.0136945117662362	0.240752053074672	0	0	0.582699924305214	0	0	0.162853510853877	0	0	0	0	0	0	0	0	0	0	0	0
96	0	0	0.627858981820053	0	0.29990422842181	0	0	0.0722367897581372	0	0	0	0	0	0	0	0	0	0	0	0	0	0	0
97	0.833564598754949	0	0.01855403403367	0	0	0	0	0	0	0	0	0	0	0	0	0	0	0.123222532499013	0	0.0246588347123678	0	0	0
98	0	0	1	0	0	0	0	0	0	0	0	0	0	0	0	0	0	0	0	0	0	0	0
99	0	0.0505231411857291	0.0973130774892588	0	0	0.457446991923238	0.071278653276851	0.0316448517170002	0	0.0326843160046753	0	0.0956207495926134	0	0	0.163488218810634	0	0	0	0	0	0	0	0
100	0	0	0	0	0	0.70221579016075	0	0.281582772144865	0	0	0.0162014376943848	0	0	0	0	0	0	0	0	0	0	0	0
101	0	0	0	0.226553707905127	0.1940306181496	0.020355542471386	0	0.209460506434595	0.329403225305453	0	0.0201963997338395	0	0	0	0	0	0	0	0	0	0	0	0
102	0	0	0	0	0	0	0	0	0.0829623487825372	0	0	0	0	0	0	0	0	0	0.917037651217463	0	0	0	0
103	0	0	0	0.397738269199347	0.523774778949533	0	0	0.0483290712070452	0	0.0301578806440751	0	0	0	0	0	0	0	0	0	0	0	0	0
104	0	0	0	0	0	0	0.951967351068249	0	0	0	0	0	0.0235452905379732	0.0244873583937781	0	0	0	0	0	0	0	0	0
105	0	0	0	0.801085981587266	0.0166813273968726	0.182232691015862	0	0	0	0	0	0	0	0	0	0	0	0	0	0	0	0	0
106	0	0	0	0.429878453716711	0.556586360791231	0.0135351854920578	0	0	0	0	0	0	0	0	0	0	0	0	0	0	0	0	0
107	0	0	0	0	0.0452819614376863	0.0848030701963703	0	0.0668473795437312	0.0417440388917701	0.312651507488176	0.448672042442266	0	0	0	0	0	0	0	0	0	0	0	0
108	0	0	0	0	0	0	0.910868036741838	0	0.00947026362952316	0	0	0.0197061195356146	0.0599555800930242	0	0	0	0	0	0	0	0	0	0
109	0	0	0	0.468001418767183	0.111475954206086	0.258307664592816	0	0.162214962433915	0	0	0	0	0	0	0	0	0	0	0	0	0	0	0
110	0	0	0	0.0733848381419711	0.213464317831787	0.0158363300812288	0	0.0351174891648539	0	0.557676589079398	0.0522602178503803	0	0	0	0	0.0522602178503803	0	0	0	0	0	0	0
111	0	0	0	0	0	0	0	0	0	0.132063355824986	0.867204213975327	0	0	0	0	0.000732430199686299	0	0	0	0	0	0	0
112	0	0	0	0	0.270616208720979	0	0	0.256331249242577	0	0	0.00754801308851461	0	0	0	0	0	0	0	0	0	0.465504528947929	0	0
113	0	0	0	0.00283961605951363	0.0192225058520978	0	0.850916690140946	0.00341392829299014	0.0103113497558555	0	0.008273293804134	0.0164024275941201	0	0.088620188500343	0	0	0	0	0	0	0	0	0
114	0	0	0	0.0342403162473152	0.462896304808376	0	0	0	0.0996266812597621	0.403236697684547	0	0	0	0	0	0	0	0	0	0	0	0	0
115	0	0	0.0494288072091453	0.0453364651789102	0.00912952047239614	0.0128661461011014	0.625959907735123	0	0	0	0	0.229862695996268	0	0.0274164573070555	0	0	0	0	0	0	0	0	0
116	0	0	0	0.0316453015333605	0.744917874511273	0	0	0.223436823955366	0	0	0	0	0	0	0	0	0	0	0	0	0	0	0
117	0	0	0	0	0.0123549940985078	0.00545636496052824	0	0.0603257409831668	0.873499090005591	0.0426556730848918	0	0	0	0	0	0	0	0	0	0.00570813686731476	0	0	0
118	0	0	0.271092986676563	0	0	0	0	0	0	0	0	0	0	0	0	0	0.624025767559692	0	0	0.104881245763745	0	0	0
119	0	0	0	0.0687607692491442	0.0249927704629171	0.898492716907745	0	0.00775374338019333	0	0	0	0	0	0	0	0	0	0	0	0	0	0	0
120	0	0	0	0.589748078508269	0.161614851489403	0.213197562871051	0	0.0354395071312763	0	0	0	0	0	0	0	0	0	0	0	0	0	0	0
121	0	0	0	0.00349224858715842	0	0	0	0	0.279925971865953	0	0	0	0	0	0	0	0	0	0.716581779546888	0	0	0	0
122	0	0	0	0	0.15433786440812	0.17478726919701	0	0.67087486639487	0	0	0	0	0	0	0	0	0	0	0	0	0	0	0
123	0	0	0	0.011956106820407	0	0	0	0	0.897954867955058	0	0	0.0376526535161987	0	0	0	0	0.0469653633182088	0	0	0.00547100839012755	0	0	0
124	0	0	0	0.499714051336487	0	0.15755999999757	0	0	0	0	0	0.342725948665943	0	0	0	0	0	0	0	0	0	0	0
125	0	0	0	0.103445723703824	0.116098858510332	0.138705726587316	0	0.0411474333879754	0	0	0.00058949581064219	0	0	0	0	0.590871329415036	0	0	0	0	0	0	0.00914143258487483
126	0	0	0	0	0.571470068216072	0	0	0.255843569857945	0	0	0	0	0	0	0	0	0	0	0	0	0.172686361925983	0	0
127	0	0	0.00333513813725612	0.0269769358823726	0.11555133780516	0.0378560313488824	0	0.0276350700625789	0	0.148795654345492	0.0289984338253214	0	0	0	0	0.610851398592937	0	0	0	0	0	0	0
128	0	0	0	0.190155055684887	0.140312596213716	0.0182108230052792	0	0.632833454492492	0	0	0.0184880706036256	0	0	0	0	0	0	0	0	0	0	0	0
129	0	0.0136567341136503	0	0	0	0	0.0134831482610984	0	0	0	0	0.792618726468147	0.0243685981936668	0	0.155872792963438	0	0	0	0	0	0	0	0
130	0	0	0	0	0.241125069882891	0	0	0.325707396818322	0.160706054438635	0.0873571370164089	0.00913405850970547	0	0	0	0	0	0	0	0	0	0.111371554273778	0.0645987290602598	0
131	0	0	0	0	0	0	0	0	0.431291568385533	0.484247516284314	0.0717678620859666	0	0	0	0	0	0	0	0	0.012693053244186	0	0	0
132	0	0	0	0	0	0	0	0.0166511494954894	0.108161140196032	0	0.223759053632146	0	0	0	0	0.000417903899520484	0.620961557747504	0	0.0300491950293079	0	0	0	0
133	0	0	0	0	0	0.121158080554457	0	0.505039737246498	0	0.137580634696544	0.236221547502501	0	0	0	0	0	0	0	0	0	0	0	0
134	0	0	0	0	0	0	0	0	0	0.019430682984808	0.980569317015192	0	0	0	0	0	0	0	0	0	0	0	0
135	0	0	0	0	0	0	0	0	0	0	0	0.954996297519993	0.0388238541847708	0	0	0	0	0.00617984829523567	0	0	0	0	0
136	0	0	0	0.0464890061133203	0.204732390867853	0.255657406614742	0	0.308789516385347	0	0	0.184331680018738	0	0	0	0	0	0	0	0	0	0	0	0
137	0	0	0	0.0989459815627256	0.162034948389015	0.140056116619141	0	0.164757251472001	0.053754081063065	0.170838268271013	0	0	0	0	0	0	0	0	0	0.209613352623039	0	0	0
138	0	0	0	0	0	0.0357342380227875	0	0	0	0	0	0	0	0	0	0.964265761977213	0	0	0	0	0	0	0
139	0.00519712726602938	0	0	0	0.139946467840768	0	0	0.0396624904003887	0.0555739263823664	0.0522638004610602	0.0398025866180765	0	0	0	0	0.667553601031311	0	0	0	0	0	0	0
140	0	0	0	0	0	0.677400807030066	0	0.00680890153383614	0	0	0.0412598792243992	0	0	0	0	0.233677452824415	0	0	0	0	0	0.0342954144889766	0.00655754489830706
141	0	0	0	0.0127744090304762	0	0.987225590969523	0	0	0	0	0	0	0	0	0	0	0	0	0	0	0	0	0
142	0	0	0.157638457763739	0.0212842497017826	0.105180744108807	0.190433955397924	0	0.0962640120702657	0	0	0	0	0	0.429198580957482	0	0	0	0	0	0	0	0	0
143	0	0	0	0.493017672216787	0.255026858693796	0.037655090456764	0	0.214300378632652	0	0	0	0	0	0	0	0	0	0	0	0	0	0	0
144	0	0	0	0.821062999077778	0.128705247598487	0.050231753323735	0	0	0	0	0	0	0	0	0	0	0	0	0	0	0	0	0
145	0	0	0	0.0433007151938004	0.632550301330505	0	0	0	0	0.324148983475695	0	0	0	0	0	0	0	0	0	0	0	0	0
146	0	0	0	0	0	0.0917009418930208	0	0.121710123767576	0	0.456521524963229	0.208159006582175	0	0	0	0	0	0	0	0	0.121908402794	0	0	0
147	0	0	0	0	0	0.637949326935694	0	0	0	0.0487441522945729	0	0	0	0	0	0	0	0	0	0.313306520769733	0	0	0
148	0	0	0	0	0	0	0.848932528687326	0	0	0	0	0	0	0	0.151067471312674	0	0	0	0	0	0	0	0
149	0.0506677607346377	0	0	0.254148934016796	0.022010709818026	0.035237816042104	0	0.637934779388437	0	0	0	0	0	0	0	0	0	0	0	0	0	0	0
150	0	0	0	0.0166720865095878	0.395171681746412	0	0	0	0	0.588156231744	0	0	0	0	0	0	0	0	0	0	0	0	0
151	0	0	0	0	0.077618859473224	0	0	0.013617159168568	0.689808843982341	0.163207485080992	0.00890164829339604	0	0	0	0	0	0	0	0	0.0468460040014786	0	0	0
152	0	0	0.0755549059316797	0.12438311946251	0.0515128943829068	0	0	0.151615288089189	0.0286791213152191	0.131871805527409	0.296386483154849	0	0	0	0	0	0	0	0	0.139996382136236	0	0	0
153	0	0	0	0	0.140510932397398	0	0	0.836769372640896	0	0	0.0227196949617065	0	0	0	0	0	0	0	0	0	0	0	0
154	0	0	0	0	0	0.00658345479431013	0	0.252981700561746	0	0.120143045670855	0.620291798973089	0	0	0	0	0	0	0	0	0	0	0	0
155	0	0.0876705153656123	0	0	0.00969634884540693	0.191305529836764	0	0.122989117977934	0.0317934605668608	0.23270121633757	0.323843811069852	0	0	0	0	0	0	0	0	0	0	0	0
156	0	0	0.0258892742168861	0	0	0	0	0	0	0	0	0.0267505704356778	0	0	0.744893583134828	0	0	0.202466572212608	0	0	0	0	0
157	0.602584424535224	0	0.148242868715638	0.0600935830114196	0.0953889503123135	0	0	0.0936901734254046	0	0	0	0	0	0	0	0	0	0	0	0	0	0	0
158	0	0	0	0.0810921728425128	0.110516152921141	0.0254201935928974	0	0.237781139700158	0	0.0457361330533994	0.329536187948318	0	0	0	0	0	0	0	0	0.169918019941573	0	0	0
159	0	0	0.0989391147064827	0	0	0	0.000320618819903204	0	0	0	0.0112592543157581	0	0	0	0	0.000323585604678371	0.0265523020384023	0	0	0.862605124514775	0	0	0
160	0	0	0	0	0	0	0	0	0.478336785219953	0	0	0	0	0	0	0	0	0	0.521663214780047	0	0	0	0
161	0	0	0	0	0	1	0	0	0	0	0	0	0	0	0	0	0	0	0	0	0	0	0
162	0	0	0	0	0	0	0	0	0	0	0	0.938036506068134	0.0344524966009896	0	0.0275109973308763	0	0	0	0	0	0	0	0
163	0	0	0	0.0861805756237121	0.626858453895122	0.101434769414727	0	0.185526201066439	0	0	0	0	0	0	0	0	0	0	0	0	0	0	0
164	0	0	0	0.843733830379221	0.041214462574883	0.115051707045896	0	0	0	0	0	0	0	0	0	0	0	0	0	0	0	0	0
165	0	0	0	0.750980225640345	0.249019774359655	0	0	0	0	0	0	0	0	0	0	0	0	0	0	0	0	0	0
166	0	0	0	0.407160832762448	0.551790891014552	0.0154689230279458	0	0	0	0.025579353195054	0	0	0	0	0	0	0	0	0	0	0	0	0
167	0	0	0	0	0	0.0252604052904023	0	0	0.0161650072692836	0	0	0	0	0	0.0392701481061314	0.668611797086037	0	0	0	0.250692642248146	0	0	0
168	0	0	0	0.128281030905379	0.359091057952076	0.124076601469253	0.0827317604536062	0.294884539831967	0	0	0	0	0	0	0	0	0	0.010935009387719	0	0	0	0	0
169	0	0	0	0	0	0	0	0	0	0.0185418941828682	0.981458105817132	0	0	0	0	0	0	0	0	0	0	0	0
170	0	0	0	0.0085930144779423	0.0889722969750164	0	0.0404240663797407	0.422734055946243	0	0	0.43836174526754	0	0	0	0	0.000914820953517642	0	0	0	0	0	0	0
171	0	0	0	0	0	0	0.962999146562076	0	0.0105096433509459	0	0.0151787954067692	0	0.0113124146802095	0	0	0	0	0	0	0	0	0	0
172	0	0	0.0719000499864735	0.343027560039374	0.00844861584121198	0	0	0.0273567298511641	0	0.0580655379284352	0.489773467244977	0	0	0	0	0.00142803910836376	0	0	0	0	0	0	0
173	0	0	0	0	0	0	0.636687242428891	0	0.113506498216198	0.0838749047365382	0	0.0286970387130181	0.0345613443608319	0.0359514749988789	0	0.0667214965456439	0	0	0	0	0	0	0
174	0	0	0	0.0314394075012745	0	0	0	0.0313558864654747	0	0.155233157507123	0.55372959902037	0	0	0	0	0.00109227025278695	0	0	0	0.227149679252971	0	0	0
175	0	0	0	0	0	0	0	0	0	0.0399862078987534	0.960013792101246	0	0	0	0	0	0	0	0	0	0	0	0
176	0	0	0	0	0.358915465226924	0	0	0.511754573936111	0	0	0.117252457521541	0	0	0	0	0	0	0	0	0	0	0.0120775033154242	0
177	0	0	0	0.0845085287110725	0.582731225230893	0.225229152383394	0	0.0975038109959122	0	0	0.0100272826787288	0	0	0	0	0	0	0	0	0	0	0	0
178	0	0.55992603761348	0.396098712423431	0	0.0185784190174617	0	0	0	0	0	0	0	0	0	0	0	0.0253968309456275	0	0	0	0	0	0
179	0.0148085226046061	0	0.450327975659442	0	0	0	0.515309053781704	0	0	0	0	0	0	0	0.019554447954248	0	0	0	0	0	0	0	0
180	0	0.0728948720457179	0	0	0.0137276430948029	0.0865171099016956	0.741232579308507	0.0145177785290353	0	0	0.0140545945424962	0	0.0570554225777444	0	0	0	0	0	0	0	0	0	0
181	0	0	0	0	0	0.307981458849063	0.00795183704619974	0.0388362386464335	0.0603572228819907	0.368862984632276	0.00611879714948288	0	0	0	0	0	0	0	0	0.209891460794554	0	0	0
182	0	0	0	0	0	0.504428214817026	0	0.483504852577262	0	0	0.0120669326057123	0	0	0	0	0	0	0	0	0	0	0	0
183	0	0	0	0.893741047831395	0.0293358194554699	0.0769231327131345	0	0	0	0	0	0	0	0	0	0	0	0	0	0	0	0	0
184	0	0	0	0.20764517196548	0.0713651376688221	0.346905974497496	0	0.374083715868203	0	0	0	0	0	0	0	0	0	0	0	0	0	0	0
185	0	0	0	0.0181498545411504	0.350182049980987	0	0	0	0	0.631668095477863	0	0	0	0	0	0	0	0	0	0	0	0	0
186	0	0	0	0.556921119274894	0	0.160934344790391	0	0.0730693072851606	0	0	0	0	0	0	0	0	0.101716476671437	0	0	0.107358751978117	0	0	0
187	0	0	0	0.0267287744238359	0.442368883203082	0.0267037872374915	0	0.0906153596974844	0	0.398069980929433	0.0155132145086736	0	0	0	0	0	0	0	0	0	0	0	0
188	0	0.398608226335889	0.00899806967324395	0	0	0.260941572516299	0	0.185616769655757	0	0	0.145835361818811	0	0	0	0	0	0	0	0	0	0	0	0
189	0	0	0	0	0	0	0	0	0	0	0	0.977555221439298	0.0224447785607018	0	0	0	0	0	0	0	0	0	0
190	0	0	0	0	0.0462620943387433	0.11178059240176	0	0.00315107692890038	0	0	0	0	0	0	0	0.833820501595449	0	0	0	0	0	0	0.00498573473514712
191	0.254353720500938	0	0.153639275729564	0.0942180688768981	0.0271999786706763	0.267848512514501	0	0.132862741588247	0	0	0	0	0	0.0607384448185784	0	0	0	0.00913925730059703	0	0	0	0	0
192	0	0	0	0	0.178032202494411	0	0	0.0484788167855509	0	0.509170346109784	0.183567694728131	0	0	0	0	0.0807509398821224	0	0	0	0	0	0	0
193	0	0	0	0	0	0	0	0	0	0	0	0.976852959551005	0.0231470404489952	0	0	0	0	0	0	0	0	0	0
194	1	0	0	0	0	0	0	0	0	0	0	0	0	0	0	0	0	0	0	0	0	0	0
195	0	0	0	0	0.00786272969620001	0.103924264228783	0	0.888213006075017	0	0	0	0	0	0	0	0	0	0	0	0	0	0	0
196	0	0	0	0	0	0.0651282995764565	0	0.19716154715346	0	0.0371172939631664	0.699659089309828	0	0	0	0	0.000933769997088257	0	0	0	0	0	0	0
197	0	0	0	0	0.0393892992726767	0.221131999660591	0	0.00677848765223386	0	0	0	0	0	0	0	0.71698480505284	0	0	0	0	0	0	0.0157154083616583
198	0	0	0.713863221346133	0.0532748881305147	0.0449176089243656	0	0	0.0211136207090952	0	0	0	0	0	0	0	0	0.166830660889892	0	0	0	0	0	0
199	0	0.108806910487521	0	0	0	0.00389789069007583	0.0500864795387966	0.0120456348867681	0	0.0286010245452171	0	0.373438037769266	0	0	0.423124022082355	0	0	0	0	0	0	0	0
200	0	0	0	0.00995105316997072	0	0.990048946830029	0	0	0	0	0	0	0	0	0	0	0	0	0	0	0	0	0
201	0	0	0	0	0	0.0162728218043966	0	0	0.480928902414697	0.167723177539238	0	0	0	0	0	0	0	0	0.153469924714507	0.181605173527162	0	0	0
202	0	0	0	0.0166480722324877	0	0.983351927767513	0	0	0	0	0	0	0	0	0	0	0	0	0	0	0	0	0
203	0.151907533029057	0	0.150121576042802	0.00953899790806594	0	0	0.177463843017311	0	0.111468467713169	0	0	0	0	0.0381616166279054	0	0	0.133402267527578	0	0	0.227935698134112	0	0	0
204	0	0	0.00493999111840577	0.623819670601898	0.268003062900673	0	0	0.103237275379022	0	0	0	0	0	0	0	0	0	0	0	0	0	0	0
205	0	0	0.253381081742104	0.127034069833649	0.275655861651695	0.0261624876898083	0	0.22987347712119	0	0	0	0	0	0	0.0233310968087035	0	0	0.0645619251528499	0	0	0	0	0
206	0	0	0	0.0168742470795437	0.712843837440233	0	0	0	0	0.270281915480223	0	0	0	0	0	0	0	0	0	0	0	0	0
207	0	0	0	0.176317199128536	0.654331518529468	0	0	0	0	0.168884112208562	0.000467170133433289	0	0	0	0	0	0	0	0	0	0	0	0
208	0	0	0	0	0.272447343101286	0	0	0.198732940703496	0.0272739777144317	0.358595806865229	0	0	0	0	0	0	0	0	0	0.142949931615558	0	0	0
209	0.774114021422817	0	0	0	0	0	0	0	0	0.0103110577735805	0.0289101405083588	0	0	0	0	0	0	0.105716509903612	0	0.080948270391631	0	0	0
210	0	0	0	0	0	0	0.95376656502903	0	0.0119543636962136	0	0	0	0.016801430676881	0.0174776405978758	0	0	0	0	0	0	0	0	0
211	0	0	0.191545899987363	0.029288294198387	0.278415321406795	0.0264896953487769	0	0.380595739056345	0	0.00979329265897974	0.0838717573433531	0	0	0	0	0	0	0	0	0	0	0	0
212	0	0	0	0	0	0.185912124836218	0	0.674388268317702	0	0.0268638256872581	0.112835781158821	0	0	0	0	0	0	0	0	0	0	0	0
213	0	0	0	0.00383723608685083	0	0	0	0	0.175689849600463	0	0	0.746192044621676	0.0277340967974906	0	0.0323179964790314	0	0.00797346541229678	0.00625531100219129	0	0	0	0	0
214	0	0	0	0	0.155054755165837	0.0108921179950886	0	0.364912777631261	0	0	0.469140349207813	0	0	0	0	0	0	0	0	0	0	0	0
215	0.894897897492134	0	0	0	0	0	0	0	0	0	0	0	0	0	0	0	0	0.105102102507866	0	0	0	0	0
216	0	0	0	0	0	0	0	0	0	0.0558866753116448	0.944113324688355	0	0	0	0	0	0	0	0	0	0	0	0
217	0	0.24692391469588	0.0559618193057513	0	0	0	0.285768754284764	0	0	0	0.087108572076289	0	0.286552777127787	0	0.0245752012187674	0	0	0.0131089612907611	0	0	0	0	0
218	0	0	0	0	0	0	0	0	0.106830826462196	0	0	0	0	0	0	0	0.070288174612226	0	0.795536588144082	0.0273444107814964	0	0	0
219	0.152097638617829	0	0	0	0.0845113535186929	0	0.000478140788067284	0.0247622627482287	0.00946470349967595	0.0386612153910873	0.0294947315699396	0	0	0	0	0.660529953866479	0	0	0	0	0	0	0
220	0	0	0	0	0	0.341051685054048	0	0.64325966684865	0	0	0.0156886480973026	0	0	0	0	0	0	0	0	0	0	0	0
221	0	0	0	0	0.0336792200714527	0.28704892175836	0	0.00482390730331991	0	0	0	0	0	0	0	0.6656461143767	0	0	0	0	0	0	0.00880183649016621
222	0.955409663778847	0	0	0	0	0	0	0	0	0	0	0	0	0	0	0	0	0.0314131103284041	0	0.0131772258927495	0	0	0
223	0	0	0	0	0	0	0.613789148046962	0	0.0109379127720161	0	0	0.01508197147228	0.101121183811464	0.182823834786395	0	0	0	0	0	0.0762459491108829	0	0	0
224	0	0	0	0.694472534111805	0.0242647085407887	0.281262757347406	0	0	0	0	0	0	0	0	0	0	0	0	0	0	0	0	0
225	0	0	0	0.310487010408467	0.642476044063921	0	0	0.0470369455276113	0	0	0	0	0	0	0	0	0	0	0	0	0	0	0
226	0	0	0.00449027392326033	0.194542202750874	0.771702580129272	0	0	0	0	0	0.0292649431965932	0	0	0	0	0	0	0	0	0	0	0	0
227	0.598671290167249	0	0.094376672925708	0	0.099089409867794	0	0	0	0	0	0	0	0	0	0	0	0	0.207862627039249	0	0	0	0	0
228	0	0	0	0.777149379035543	0	0.222850620964457	0	0	0	0	0	0	0	0	0	0	0	0	0	0	0	0	0
229	0	0	0	0	0	0	0	0	0.168367248283326	0.0156711595753211	0	0	0	0	0	0	0	0	0.500882053215403	0.31507953892595	0	0	0
230	0.122212619642131	0	0	0	0	0	0.00920897750811491	0	0.00858670733157344	0	0	0	0	0	0	0.331117917538257	0	0	0.528873777979923	0	0	0	0
231	0	0	0	0.477418113125786	0	0.517675265532466	0	0.00490662134174751	0	0	0	0	0	0	0	0	0	0	0	0	0	0	0
232	0	0	0	0.815387772021597	0.0419027566185634	0.14270947135984	0	0	0	0	0	0	0	0	0	0	0	0	0	0	0	0	0
233	0	0	0	0	0	0.487163322421985	0	0.371449558439684	0	0.0271965808452339	0.114190538293097	0	0	0	0	0	0	0	0	0	0	0	0
234	0	0	0	0	0.0342007879331107	0.0239202915977979	0	0.174153582847159	0	0.131627858082407	0.636097479539525	0	0	0	0	0	0	0	0	0	0	0	0
235	0	0	0	0.0138469051938894	0.502864855987848	0	0	0	0	0.167044267349777	0.316243971468485	0	0	0	0	0	0	0	0	0	0	0	0
236	0	0	0	0	0.0379358107893942	0	0	0.222463977936456	0	0.0304084511171436	0.708238915172079	0	0	0	0	0.00095284498492697	0	0	0	0	0	0	0
237	0	0.249617970447022	0	0	0	0.497683869795243	0	0.0417967556122455	0	0	0.126509104329101	0	0	0.0719904303110938	0	0	0	0	0	0	0	0.0124018695052944	0
238	0	0	0	0	0	0	0	0	0.243131293268918	0.022825369549387	0	0	0	0	0.0242403965179038	0	0	0	0	0.709802940663791	0	0	0
239	0	0	0	0	0.166307789752803	0.123604306882241	0	0.328408197894174	0.196112125456862	0.161594516306379	0	0	0	0	0	0	0	0	0	0.0239730637075406	0	0	0
240	0	0.311701014988593	0.0068281208834611	0.023990016764018	0	0.509936503014673	0	0.056430599188882	0	0	0.0911137451603731	0	0	0	0	0	0	0	0	0	0	0	0
241	0	0	0	0.198606377926241	0	0.727109909289699	0	0.0547740292097036	0.019509683574357	0	0	0	0	0	0	0	0	0	0	0	0	0	0
242	0	0	0	0	0	0	0	0	0	0	0	0.979227046527278	0.0207729534727226	0	0	0	0	0	0	0	0	0	0
243	0	0	0	0.00519900715181685	0	0.498095047843533	0.43266304885865	0	0	0	0	0	0.0313897521205643	0.032653144025436	0	0	0	0	0	0	0	0	0
244	0	0	0.0246769343344973	0.604771371886046	0.279981259825735	0	0	0.0538853662485216	0	0.0366850677051998	0	0	0	0	0	0	0	0	0	0	0	0	0
245	0	0	0	0.649245487270364	0	0.100799007785189	0	0.185428297449445	0	0	0	0	0	0	0	0	0.0645272074950022	0	0	0	0	0	0
246	0	0	0	0.0162996475848462	0.839666682835383	0	0	0	0	0.0632834191274239	0.0807502504523468	0	0	0	0	0	0	0	0	0	0	0	0
247	0	0	0	0.0595954900048935	0.309771796009265	0.246559923579182	0	0.23016396670852	0.0365026183986725	0.0854710547288091	0.0319351505706568	0	0	0	0	0	0	0	0	0	0	0	0
248	0	0	0	0	0.00907857070703011	0.0582649310596521	0	0	0	0	0	0.0639651139371178	0	0	0.718869138211123	0	0	0.149822246085077	0	0	0	0	0
249	0	0	0	0	0	0.0092394667500207	0	0	0.840641767728547	0.127121030581742	0.0104631130444823	0	0	0	0	0	0	0	0	0.0125346218952079	0	0	0
250	0	0	0	0.150671795980211	0.492094679254937	0	0	0	0.0166374408552494	0.0127816677911078	0	0	0	0	0	0	0	0	0.22714808713952	0.100666328978976	0	0	0
251	0	0	0	0	0	0	0	0	0	0.0263510739841329	0.147403642868489	0	0	0	0	0.0728403603364122	0	0	0.714494024964813	0.038910897846153	0	0	0
252	0	0	0	0.0137723911892162	0	0.27623479939118	0	0.697266982726001	0	0	0.0127258266936026	0	0	0	0	0	0	0	0	0	0	0	0
253	0.00803022968583418	0	0	0	0	0	0.0619991811406918	0	0	0.0178917573601177	0	0.0116137142593624	0	0	0	0.900465117553994	0	0	0	0	0	0	0
254	0	0	0	0	0.00360130953086658	0.0133153415587388	0	0.798967530688977	0	0.0429060154457673	0.14120980277565	0	0	0	0	0	0	0	0	0	0	0	0
255	0	0	0	0	0.00601530510518829	0	0	0.00468214612855692	0.0198044216595863	0.399365839708854	0.449653686571246	0	0	0	0	0	0	0	0	0.120478600826568	0	0	0
256	0	0.56237352155207	0.0498088273188406	0.00417468081414014	0.0189722100181578	0	0	0.040804463083167	0	0	0	0.141795055081828	0	0	0.182071242131797	0	0	0	0	0	0	0	0
257	0	0.156853925080093	0.616376538273737	0	0	0	0	0.16634857780393	0	0	0.0604209588422403	0	0	0	0	0	0	0	0	0	0	0	0
258	0	0	0.194935967840559	0.0569288968869013	0.0286120644474277	0.619975503695296	0	0	0.0497661896335567	0	0	0	0	0.0497813774962588	0	0	0	0	0	0	0	0	0
259	0	0	0	0	0	1	0	0	0	0	0	0	0	0	0	0	0	0	0	0	0	0	0
260	0	0	0	0	0	0.317012622765116	0.000496808954116883	0.00839150918659382	0	0	0	0	0	0	0	0.631031957952349	0	0	0	0	0	0.00439803696538557	0.0386690641764388
261	0	0	0.0821904691701335	0	0	0	0	0	0.85750132390875	0.0406574633952953	0	0	0	0	0	0	0	0	0	0.0196507435258209	0	0	0
262	0	0	0	0	0	0	0	0	0	0	0	0.978511238708965	0.0214887612910345	0	0	0	0	0	0	0	0	0	0
263	0	0	0	0	0	0	0.969084007494471	0	0	0	0	0	0	0	0.0309159925055286	0	0	0	0	0	0	0	0
264	0	0	0	0.836925620992879	0.0945678291700777	0.0685065498370429	0	0	0	0	0	0	0	0	0	0	0	0	0	0	0	0	0
265	0	0	0	0.976562244442042	0.0234377555579579	0	0	0	0	0	0	0	0	0	0	0	0	0	0	0	0	0	0
266	0	0	0	0	0	0	0	0	0.0250296560358197	0	0	0	0	0	0	0	0	0	0.974970343964181	0	0	0	0
267	0	0	0	0.0107140076242019	0.0300786743083345	0	0	0.00589166696378345	0	0.9520125092248	0.00130314187888004	0	0	0	0	0	0	0	0	0	0	0	0
268	0	0	0	0	0.746884205793671	0	0	0	0	0.20737015479014	0.0457456394161884	0	0	0	0	0	0	0	0	0	0	0	0
269	0	0	0	0	0	0	0	0	0.487197298452235	0	0	0	0	0	0	0	0	0	0.512802701547765	0	0	0	0
270	0	0	0	0	0	0	0	0	0.00645352136593781	0	0	0	0	0	0	0	0	0	0.993546478634062	0	0	0	0
271	0	0	0	0.291131169420009	0.169000352518496	0.100209760263999	0	0	0.204284410140861	0.175962322230823	0.0594119854258118	0	0	0	0	0	0	0	0	0	0	0	0
272	0	0.147752219854884	0	0.00872872626045142	0	0.399386530607563	0	0.137636150540942	0	0	0.112692354613928	0	0	0	0	0	0	0.193804018122231	0	0	0	0	0
273	0.952668620962234	0	0	0	0	0	0	0	0	0	0.0473313790377658	0	0	0	0	0	0	0	0	0	0	0	0
274	0	0	0	0.018726491598975	0.218403811283605	0	0	0.245369148946197	0	0.0337530669990066	0.483747481172217	0	0	0	0	0	0	0	0	0	0	0	0
275	0	0.880358275390293	0	0	0	0.0406745701870878	0	0	0	0	0.0335679550218704	0.0248310742494935	0	0	0.020568125151255	0	0	0	0	0	0	0	0
276	0	0.0137186819758548	0.0175651166648465	0	0.025719304599653	0.0563621133885721	0	0.0895072971122675	0	0	0.0351464623884925	0	0	0.761981023870314	0	0	0	0	0	0	0	0	0
277	0.0063236240016361	0	0	0	0.0118582244244889	0	0.929046322704417	0.00620020140389865	0	0	0	0.0218834696283525	0	0.024688157837207	0	0	0	0	0	0	0	0	0
278	0	0	0	0.117469688620423	0.114496211089385	0.477711091319829	0	0.18813686337361	0.100836497826598	0	0.00134964777015543	0	0	0	0	0	0	0	0	0	0	0	0
279	0	0	0.73377646066444	0.0214635827093436	0.106538696571536	0.0132521765992263	0	0.099272306564791	0	0.0256967768906633	0	0	0	0	0	0	0	0	0	0	0	0	0
280	0	0	0	0	0.0426146657589305	0.18379500152863	0.000323996611070326	0.00215871858898343	0	0	0	0	0	0	0	0.767355134637097	0	0	0	0	0	0	0.00375248287528864
281	0	0	0	0.641476033759265	0.255124762092147	0	0	0.0362750930201743	0	0.0671241111284132	0	0	0	0	0	0	0	0	0	0	0	0	0
282	0	0	0	0.6866931699918	0.103861644639045	0.209445185369155	0	0	0	0	0	0	0	0	0	0	0	0	0	0	0	0	0
283	0	0	0	0.0138151246427106	0.828435421860564	0	0	0	0	0.157749453496725	0	0	0	0	0	0	0	0	0	0	0	0	0
284	0	0	0.640357163551903	0.0440965281456919	0.166531423323482	0	0	0.140681758773311	0	0	0	0	0	0	0	0	0	0.00833312620561259	0	0	0	0	0
285	0	0	0.0967855996887209	0.0194011344894243	0.0671843888086495	0.0240964235093023	0	0.0315703044639444	0	0.336976889704138	0	0	0	0	0.0780695444171393	0	0	0	0	0.345915714918681	0	0	0
286	0.00640048049723934	0	0	0	0.0144548768836264	0	0.919779444718668	0	0	0.0292344933362854	0	0	0	0.0301307045641813	0	0	0	0	0	0	0	0	0
287	1	0	0	0	0	0	0	0	0	0	0	0	0	0	0	0	0	0	0	0	0	0	0
288	0	0	0	0.0202855062793139	0.12399432938554	0	0	0.0306863506471676	0.00707983271774729	0.196085492727578	0.137572643598289	0	0	0	0	0.484295844644364	0	0	0	0	0	0	0
289	0.170665844208474	0	0	0	0.106135306374631	0.0336728605008464	0.30965054402456	0.300272209800825	0	0.0796032350906632	0	0	0	0	0	0	0	0	0	0	0	0	0
290	0	0.0643619325400622	0	0	0	0	0	0.0725758192167429	0	0.53412461803467	0.328937630208525	0	0	0	0	0	0	0	0	0	0	0	0
291	0	0	0	0	0.642023149786111	0.14976675484619	0	0.171011447542792	0	0.0371986478249079	0	0	0	0	0	0	0	0	0	0	0	0	0
292	0.00616209176943137	0	0	0	0	0.233880557329452	0.00552115877088598	0.00465575840316751	0	0	0	0	0	0	0	0.741613293120099	0	0	0	0	0	0	0.0081671406069633
293	0	0.0124410722673007	0	0	0	0	0.0122710055213523	0	0	0	0	0.797110132463903	0.027078317785494	0	0.15109947196195	0	0	0	0	0	0	0	0
294	0	0.82468949588667	0.0361997169812414	0	0	0	0	0	0	0	0	0.0454111032950356	0	0	0.079896934528709	0.0138027493083438	0	0	0	0	0	0	0
295	0	0	0	0	0	0	0.946873321473202	0	0	0	0	0.0117274840891841	0.0202969502935538	0.0211022441440604	0	0	0	0	0	0	0	0	0
296	0	0	0	0	0.0109739942630759	0	0.599621737724781	0	0.0513806218315749	0	0	0	0	0.0263115154777641	0	0	0	0	0	0.311712130702804	0	0	0
297	0	0	0	0	0.0783392060906143	0.244473418665831	0	0.114976693599236	0.132232235900366	0.181854142087149	0.0167293626890774	0	0	0	0	0	0	0	0	0.231394940967726	0	0	0
298	0	0	0	0	0	0.490470662647838	0	0.509529337352162	0	0	0	0	0	0	0	0	0	0	0	0	0	0	0
299	0	0	0.886937465986988	0	0.0166000370112913	0.0196521031340237	0	0	0	0	0	0	0	0.0537902619229659	0	0	0.0230201319447314	0	0	0	0	0	0
300	0	0	0	0.100288231198588	0.294690555763048	0.108625908091426	0	0.469157047462677	0	0	0.0272382574842608	0	0	0	0	0	0	0	0	0	0	0	0
301	0	0	0.298632453790704	0.294800198290305	0.180284629578552	0	0	0	0	0.226282718340438	0	0	0	0	0	0	0	0	0	0	0	0	0
302	0	0	0	0.861427983179479	0.0297085499700205	0.108863466850501	0	0	0	0	0	0	0	0	0	0	0	0	0	0	0	0	0
303	0	0	0	0.00741773181885076	0	0	0	0	0.880482150196921	0	0	0	0	0	0	0.0240427446252772	0.0820769359705965	0	0	0.00598043738835497	0	0	0
304	0	0	0	0.487793616933112	0	0.11564203555311	0	0.312848076518137	0	0	0	0	0	0	0	0	0.0837162709956413	0	0	0	0	0	0
305	0	0	0.00340450568620122	0.0275732815912166	0.116874433545653	0.00608531897201175	0	0.0314312708282265	0	0.81463118937669	0	0	0	0	0	0	0	0	0	0	0	0	0
306	0	0	0	0	0.0509625392333742	0.351430197695193	0	0.00481684850395092	0	0	0	0	0	0	0	0.582919086781682	0	0	0	0	0	0	0.00987132778580027
307	0	0	0	0	0	0	0	0	0	0	0	0.886415874610459	0.0596027394216664	0	0.053981385967874	0	0	0	0	0	0	0	0
308	0	0	0	0	0.0253598152251169	0	0	0.0095858969185508	0.273976668510425	0	0	0	0	0	0	0	0	0	0.691077619345908	0	0	0	0
309	0	0	0	0.0944753425923663	0	0.294440002335598	0	0.611084655072036	0	0	0	0	0	0	0	0	0	0	0	0	0	0	0
310	0	0	0	0	0	0.0408735314754606	0	0	0	0	0	0.929021790494126	0.0301046780304142	0	0	0	0	0	0	0	0	0	0
311	0	0.86631630080511	0.00820741723630646	0	0	0.0696749272078794	0	0.0225807151238626	0	0	0.0332206396268414	0	0	0	0	0	0	0	0	0	0	0	0
312	0	0	0.168043561282203	0.0945194251496643	0.11552486935207	0	0	0.133937037501518	0	0	0	0	0	0.0811800125816794	0.388991397073239	0	0	0.0178036970596263	0	0	0	0	0
313	0	0	0	0	0.0133484228143293	0.986651577185671	0	0	0	0	0	0	0	0	0	0	0	0	0	0	0	0	0
314	0	0	0	0.191706308673903	0.171407768578184	0.253982098663889	0	0.222772765107541	0	0.0181434994764626	0	0	0	0	0	0	0	0	0	0.14198755950002	0	0	0
315	0	0	0	0.0477613838523379	0	0.350433849408055	0	0.437509985192612	0	0.0155961865463214	0.0261869147005575	0	0	0	0	0	0	0	0	0.122511680300116	0	0	0
316	0	0	0.022591618787029	0	0.00890681939119658	0.0403678950545295	0	0.332321488580979	0	0	0.0251339773322394	0	0	0.570678200854027	0	0	0	0	0	0	0	0	0
317	0.946482894317012	0	0	0	0.00783083305636717	0	0	0	0	0	0	0	0	0	0	0	0	0.0456862726266213	0	0	0	0	0
318	0	0	0	0.476749773064974	0.0337979163281188	0.249160584728746	0.0126672817032852	0.13016684264652	0	0.0192161188660758	0	0.0235592559789532	0	0	0.054682226683327	0	0	0	0	0	0	0	0
319	0	0	0	0.166212420391191	0.617879225591023	0	0	0.0978693724195714	0	0.0284567749414114	0.0298885882398466	0	0	0	0	0	0	0.0596936184169565	0	0	0	0	0
320	0	0	0	0.808479823683906	0	0.191520176316094	0	0	0	0	0	0	0	0	0	0	0	0	0	0	0	0	0
321	0	0	0.0635597360691281	0.612803089363481	0.255925112528094	0	0	0	0	0	0.0677120620392971	0	0	0	0	0	0	0	0	0	0	0	0
322	0	0	0	0.202431316600736	0.487132440079277	0	0	0.29179711123703	0	0	0.018639132082957	0	0	0	0	0	0	0	0	0	0	0	0
323	0	0	0	0.00658538861847646	0.014497595487125	0.00206649618721542	0	0	0	0.974003804892778	0.00284671481440525	0	0	0	0	0	0	0	0	0	0	0	0
324	0	0	0	0.00506971051743464	0	0	0	0	0.44612970222236	0	0	0.253805097269627	0.0247674594469736	0	0	0.0738550848683639	0	0	0.19637294567524	0	0	0	0
325	0	0	0	0.0676044695711617	0.0333915935191945	0.025947124081083	0	0.131293829851971	0.415119730446594	0.172143157005275	0	0	0	0	0	0	0	0	0	0.15450009552472	0	0	0
326	0	0	0	0.0228697330241318	0.0428127776858585	0	0	0.222883605765415	0.0283547302516371	0.0503188873725494	0.62663385833123	0	0	0	0	0.00612640756917808	0	0	0	0	0	0	0
327	0	0.418431278131562	0.00724307699574112	0.0262188736075481	0	0.3136141146938	0	0.0610657708128071	0	0	0.164656977724971	0	0	0	0	0	0	0.00876990803357064	0	0	0	0	0
328	0.170663916115076	0	0	0	0	0	0	0	0	0	0	0	0	0	0.0922247520667847	0	0	0.737111331818139	0	0	0	0	0
329	0	0.389428776429207	0.00816083531138902	0	0	0.338577714244606	0	0.124473084277856	0	0	0.139359589736941	0	0	0	0	0	0	0	0	0	0	0	0
330	0	0	0	0	0	0.689606845214638	0	0.310393154785362	0	0	0	0	0	0	0	0	0	0	0	0	0	0	0
331	0	0	0.0864704270302025	0.0502387171655828	0	0.131951429519991	0	0	0.020262212535728	0.0258180760729362	0.0936758168579201	0.59158332081764	0	0	0	0	0	0	0	0	0	0	0
332	0	0.00761796334625808	0.0290318039788322	0	0	0	0	0	0	0.0192311375745909	0	0.0346342384320437	0	0.0458311431964988	0.841014810797026	0.0226389026747504	0	0	0	0	0	0	0
333	0	0	0	0.207401318988334	0.00658065064093673	0.377243805019164	0	0.408774225351566	0	0	0	0	0	0	0	0	0	0	0	0	0	0	0
334	0	0	0.289044128622287	0.522947736811462	0.137597584424822	0	0	0.050410550141429	0	0	0	0	0	0	0	0	0	0	0	0	0	0	0
335	0	0	0	0.187592407419363	0.00753304326067575	0	0	0	0.79177911094616	0	0	0	0	0	0	0	0	0	0	0.0130954383738007	0	0	0
336	0	0	0	0.783220793056733	0.143425898122433	0.0733533088208343	0	0	0	0	0	0	0	0	0	0	0	0	0	0	0	0	0
337	0	0	0	0.828167007515643	0.016972713407764	0	0	0	0.154860279076593	0	0	0	0	0	0	0	0	0	0	0	0	0	0
338	0	0	0.186358427179215	0.0480595167278873	0.00789899318155728	0	0	0	0	0.493136789808502	0.017399759305131	0	0	0	0	0	0	0	0	0.247146513797707	0	0	0
339	0	0	0.0814058062946537	0.0513375331973137	0.194325958693432	0	0	0.140363947828031	0	0.532566753986569	0	0	0	0	0	0	0	0	0	0	0	0	0
340	0	0	0	0	0	0	0	0	0.231020823722894	0.0735456095429054	0	0	0	0	0	0	0	0	0.553788512020928	0.141645054713274	0	0	0
341	0	0	0	0	0.161629003013256	0.0830425633587559	0	0.00312023666183604	0	0	0	0	0	0	0	0.752208196966153	0	0	0	0	0	0	0
342	0	0.255000354517721	0	0	0	0.299020208849213	0.268087030685456	0.0474316567176321	0	0	0.100706237203848	0	0.0168910048915696	0	0	0	0	0.0128635071345612	0	0	0	0	0
343	0	0	0	0	0.0271306559833599	0.0327556441476505	0.864421881714302	0.0570715653557098	0	0	0	0	0	0.0186202527989784	0	0	0	0	0	0	0	0	0
344	0	0	0.938989113769124	0.0398051851598849	0.0151451619243568	0	0	0	0	0	0	0	0	0	0	0	0	0.00606053914663485	0	0	0	0	0
345	0	0	0	0.532537826641344	0	0.462119503587313	0	0.00534266977134249	0	0	0	0	0	0	0	0	0	0	0	0	0	0	0
346	0.989457038005168	0	0	0	0	0	0	0	0	0	0	0	0	0	0	0	0	0.0105429619948315	0	0	0	0	0
347	0	0	0.122226346577932	0.318532679090168	0.188313183073065	0	0	0	0	0.370927791258835	0	0	0	0	0	0	0	0	0	0	0	0	0
348	0	0	0	0.0667292051492552	0.443988631943074	0.307514965386408	0	0.181767197521263	0	0	0	0	0	0	0	0	0	0	0	0	0	0	0
349	0	0	0.252294869639905	0.109487268974645	0.246648798580529	0.139889677972146	0.0195038293881699	0.0737744765334016	0	0.158401078911203	0	0	0	0	0	0	0	0	0	0	0	0	0
350	0	0	0	0.930025558004513	0.0228462933282278	0.0471281486672597	0	0	0	0	0	0	0	0	0	0	0	0	0	0	0	0	0
351	0	0	0	0.722126707446521	0.0256985974037526	0.171521536258806	0	0.0806531588909206	0	0	0	0	0	0	0	0	0	0	0	0	0	0	0
352	0	0	0	0.392144683390586	0	0.0804350812299705	0	0.355894118404331	0	0.171526116975112	0	0	0	0	0	0	0	0	0	0	0	0	0
353	0	0.0824928381720345	0.0737719980835778	0.00554096416844909	0	0.00553287883721729	0.0963716005966774	0.0607695240270155	0	0.0791072795286167	0	0.186526215203253	0	0	0.409886701383159	0	0	0	0	0	0	0	0
354	0	0	0	0.0844853695677627	0.119040173928931	0.0459443056933678	0	0.0913141808989518	0.0336906492305089	0.16685716978835	0	0	0	0	0	0	0	0	0	0.458668150892127	0	0	0
355	0	0.0175252238750083	0.0167610584074245	0	0	0	0.800010705624756	0	0	0	0	0.0533079687736875	0	0.0143205106825016	0.0980745326366218	0	0	0	0	0	0	0	0
356	0	0.0210648973210765	0.790479883913978	0	0	0	0.0543588195365178	0	0	0.0160607088154538	0	0.0428672807975751	0	0	0.0751684096153986	0	0	0	0	0	0	0	0
357	0	0	0	0.302185374922138	0.107988280732811	0.332086388721452	0	0.2577399556236	0	0	0	0	0	0	0	0	0	0	0	0	0	0	0
358	0	0	0	0	0	0	0.824938733605333	0	0	0	0	0	0	0	0	0	0.113415970606666	0	0	0.0616452957880007	0	0	0
359	0	0.277665367841101	0.00717642504112902	0	0	0.546233096319848	0	0.0862057963183489	0	0	0.0827193144795737	0	0	0	0	0	0	0	0	0	0	0	0
360	0	0	0	0.0115117746896329	0	0.988488225310367	0	0	0	0	0	0	0	0	0	0	0	0	0	0	0	0	0
361	0	0	0.0210650277586776	0.0304998249785251	0.0642246439698832	0.040143867546545	0.0985163089794789	0.0169708407133117	0	0	0	0	0	0.607793151055056	0	0	0.120786334998523	0	0	0	0	0	0
362	0	0	0	0	0.0150628420742958	0.0503613194451858	0	0.280243426963135	0	0.00953968745820377	0	0	0	0	0	0	0	0.569678858967009	0	0.0751138650921703	0	0	0
363	0	0	0.107617397788951	0.116538458811503	0.15997742031337	0	0	0	0.0086342232386057	0.0116058504188973	0.0330168462330119	0	0	0	0	0	0.15615787936611	0	0	0.406451923829552	0	0	0
364	0	0.0235513144595898	0	0.0498667288225275	0.107298522310238	0.679333146261991	0	0.139950288145654	0	0	0	0	0	0	0	0	0	0	0	0	0	0	0
365	0	0	0.0191282079252107	0	0.792387767002593	0	0	0	0.129369848377179	0.0591141766950172	0	0	0	0	0	0	0	0	0	0	0	0	0
366	0	0	0.178641056277297	0.0195877187245296	0	0.183520431811797	0	0.0830743561732209	0	0	0	0.428357867255067	0	0	0.0978283048601055	0	0	0.00899026489798241	0	0	0	0	0
367	0	0	0	0.0333816185847486	0.387478450131748	0.212087562644806	0	0.367052368638697	0	0	0	0	0	0	0	0	0	0	0	0	0	0	0
368	0	0	0	0	0	0	0	0	0.0855522249902797	0	0	0	0	0	0	0	0	0	0.348374441978359	0.566073333031362	0	0	0
369	0	0	0	0	0	0.415635520824008	0	0.0171622615344795	0	0	0	0	0	0	0	0.542589997795735	0	0	0	0	0	0.00530123569989005	0.0193109841458871
370	0	0	0	0.167647056896827	0	0.832352943103173	0	0	0	0	0	0	0	0	0	0	0	0	0	0	0	0	0
371	0	0	0	0	0	1	0	0	0	0	0	0	0	0	0	0	0	0	0	0	0	0	0
372	0	0	0	0	0	0.416528107977004	0	0.56909872549826	0	0	0.0143731665247358	0	0	0	0	0	0	0	0	0	0	0	0
373	0	0.0768022859242132	0.0765383011770989	0	0	0.0277615889301751	0	0	0	0.013583366270983	0	0.0211424229189926	0	0.0179125540713377	0.735036512704532	0.0245157257179348	0	0.00670724228473272	0	0	0	0	0
374	0	0	0.0210140456226645	0.0704394763518487	0	0.176553218650652	0	0	0	0.484739626217143	0	0	0	0.0722402706638045	0	0	0	0	0	0.175013362493887	0	0	0
375	0.92081311677753	0	0	0	0	0	0	0	0	0	0	0	0	0	0	0.0791868832224698	0	0	0	0	0	0	0
376	0	0	0.191382821820988	0.0272898699836434	0.0433553916214726	0.14724925442021	0.375252746955739	0	0.0172824391714097	0.0514465108637251	0	0	0	0	0.146740965162812	0	0	0	0	0	0	0	0
377	0	0	0	0.784722118809085	0.0192094284546444	0.19606845273627	0	0	0	0	0	0	0	0	0	0	0	0	0	0	0	0	0
378	0	0	0	0.149556847202187	0	0.850443152797813	0	0	0	0	0	0	0	0	0	0	0	0	0	0	0	0	0
379	0	0	0.338434872164088	0.0275915327127835	0	0	0	0	0	0	0	0	0	0	0	0	0.633973595123129	0	0	0	0	0	0
380	0	0.395743254046356	0.0612487311556603	0	0	0	0	0	0	0	0	0.543008014797984	0	0	0	0	0	0	0	0	0	0	0
381	0	0	0	0.0161529764742607	0	0.116497500020726	0	0	0.0217294853902548	0.0877385769484238	0	0	0	0	0	0	0	0	0	0.757881461166335	0	0	0
382	0	0.95251234183279	0	0	0	0	0	0	0	0	0	0.0259508895612609	0	0	0.0215367686059499	0	0	0	0	0	0	0	0
383	0	0	0	0	0.0171542760939323	0.287438784084868	0	0.673512456675715	0	0	0.0218944831454841	0	0	0	0	0	0	0	0	0	0	0	0
384	0	0	0	0.71690485502679	0.0192484145519593	0.263846730421251	0	0	0	0	0	0	0	0	0	0	0	0	0	0	0	0	0
385	0	0	0	0.0108682419287931	0.139570025967573	0.0367807404922469	0	0.812780991611387	0	0	0	0	0	0	0	0	0	0	0	0	0	0	0
386	0	0	0	0.0720704808334573	0.0143640347100978	0.0197791939286789	0	0.010500311175923	0.0312744647909746	0.237012929500563	0	0	0	0	0	0	0	0	0	0.614998585060306	0	0	0
387	0	0	0.937919035458612	0.0391282250899824	0.0229527394514054	0	0	0	0	0	0	0	0	0	0	0	0	0	0	0	0	0	0
388	0	0	0	0.0418330971836701	0.395054352026596	0.059994390191784	0	0.466671831841778	0	0.0364463287561716	0	0	0	0	0	0	0	0	0	0	0	0	0
389	0.00598206241043654	0	0	0.01068285843393	0.0106039373799381	0	0.88842344338218	0	0	0	0	0.0227868466408042	0	0.0615208517527107	0	0	0	0	0	0	0	0	0
390	0	0	0	0	0.678923067818064	0	0	0	0	0.321076932181937	0	0	0	0	0	0	0	0	0	0	0	0	0
391	0	0	0	0.287876568795821	0.377881857393687	0.0958264130727785	0	0.212682738214488	0	0	0.0257324225232249	0	0	0	0	0	0	0	0	0	0	0	0
392	0	0.0106678944968147	0	0	0	0	0.0105044658229652	0	0	0	0	0.803338878403834	0.0272137073093312	0	0.148275053967055	0	0	0	0	0	0	0	0
393	0	0.965157257306342	0	0	0	0	0	0	0	0	0	0.019052323502424	0	0	0.0157904191912341	0	0	0	0	0	0	0	0
394	0	0	0.132500230322828	0	0	0	0	0	0	0	0	0	0	0	0	0	0.795774969962479	0	0	0.0717247997146934	0	0	0
395	0.00446497072229254	0	0	0	0.0071806086143237	0	0.958130526267217	0	0	0	0	0	0.0173220369775862	0.0129018574185809	0	0	0	0	0	0	0	0	0
396	0	0	0.48222694205427	0	0	0	0	0	0	0	0	0	0	0	0	0	0.416248699522723	0	0	0.101524358423007	0	0	0
397	0	0	0	0.271636925421341	0.131800905146912	0	0	0.299350998710801	0	0	0.0151406738149544	0	0	0	0	0	0.282070496905993	0	0	0	0	0	0
398	0	0	0.0651060846073548	0	0	0.0422911983070578	0	0.0300214542666694	0	0	0.0150319990188304	0	0	0	0	0	0.743486469835466	0	0	0.104062793964621	0	0	0
399	0	0	0	0.181873599791034	0.263813994128844	0.0265989567476021	0	0.0638108514163382	0	0.463902597916183	0	0	0	0	0	0	0	0	0	0	0	0	0
400	0	0	0	0	0	0.967618476807672	0	0	0.0323815231923275	0	0	0	0	0	0	0	0	0	0	0	0	0	0
401	0	0	0.238150888397007	0.0321030826054176	0	0.555197243992272	0	0	0	0	0	0	0	0.11259771050116	0.0498154973874639	0	0	0.0121355771166792	0	0	0	0	0
402	0	0	0	0.280104675798629	0	0.462082822534713	0	0.257812501666658	0	0	0	0	0	0	0	0	0	0	0	0	0	0	0
403	0	0.942982431285017	0.00554108215458966	0	0	0	0	0	0	0	0.0151099495506446	0.0199019027356954	0	0	0.0164646342740533	0	0	0	0	0	0	0	0
404	0	0	0	0	0	0	1	0	0	0	0	0	0	0	0	0	0	0	0	0	0	0	0
405	0	0	0.292501702258848	0	0	0	0	0	0	0	0	0	0	0	0	0	0.616600694084812	0	0	0.0908976036563399	0	0	0
406	0	0	0	0	0	0	0.885672171499789	0	0	0	0	0	0	0	0.114327828500211	0	0	0	0	0	0	0	0
407	0	0	0	0	0	0	0	0	0.0725519962159088	0.0485950281650221	0	0	0	0	0	0	0	0	0.278870447256482	0.599982528362587	0	0	0
408	0	0	0	0.127867901482943	0	0.872132098517057	0	0	0	0	0	0	0	0	0	0	0	0	0	0	0	0	0
409	0	0	0	0.863439461768485	0.050544255715966	0.0860162825155496	0	0	0	0	0	0	0	0	0	0	0	0	0	0	0	0	0
410	0	0	0	0.133225044491602	0	0.674229381844539	0	0.192545573663858	0	0	0	0	0	0	0	0	0	0	0	0	0	0	0
411	0	0	0	0.0332986321325003	0.308882514710571	0.494072363391818	0	0.163746489765111	0	0	0	0	0	0	0	0	0	0	0	0	0	0	0
412	0	0	0.0528190271260664	0.0583155402297592	0.36569754287528	0.0216674203647177	0	0.491046211881004	0	0	0.0104542575231728	0	0	0	0	0	0	0	0	0	0	0	0
413	0	0.51655095063416	0.0631277470458819	0	0	0.263611536670262	0	0.0632798522681656	0	0	0.0934299133815306	0	0	0	0	0	0	0	0	0	0	0	0
414	0	0.857412391787189	0	0	0	0.075766519389267	0	0.0203218368974589	0	0	0.0464992519260852	0	0	0	0	0	0	0	0	0	0	0	0
415	0.608411226318388	0	0.14811363971798	0	0	0	0	0	0	0	0	0.201393606781569	0	0	0	0	0	0.0209198530309564	0	0.0211616741511068	0	0	0
416	0	0.00800676582834825	0.131804849503527	0	0	0	0.0225933905106069	0	0	0	0.0299234208919213	0	0	0.0173605628890164	0.722507978018017	0.0238729210573473	0	0.0439301113012155	0	0	0	0	0
417	0	0	0	0.0722824032470123	0.574560489029011	0	0	0	0	0.111483072493265	0.241674035230712	0	0	0	0	0	0	0	0	0	0	0	0
418	0	0.164559415880845	0	0.0152734881774691	0.0210343233708488	0.504344245438823	0	0.195416771820253	0	0	0.0993717553117616	0	0	0	0	0	0	0	0	0	0	0	0
419	0	0	0	0.292844384145901	0.0293626148046365	0.12517775724524	0	0.106432534966676	0	0	0	0	0	0	0	0	0.446182708837545	0	0	0	0	0	0
420	0	0.980211386995382	0	0	0	0	0	0	0	0	0	0.0197886130046185	0	0	0	0	0	0	0	0	0	0	0
421	0	0	0.0627792255284462	0	0	0	0	0	0	0	0	0.840660240798113	0.0965605336734407	0	0	0	0	0	0	0	0	0	0
422	0	0	0.673995222812715	0	0	0	0	0	0	0	0	0	0	0	0	0	0.23576413287707	0	0	0.0902406443102151	0	0	0
423	0	0	0.921091916922458	0	0.00953450560648355	0	0	0.0465876948540019	0	0.0227858826170562	0	0	0	0	0	0	0	0	0	0	0	0	0
