Rank	method	Spot PCC	Spot Spearman	Cell type PCC	Cell type Spearman	MSE	RMSE	JSD	SSIM	Moran Score
1	scMagNet	0.567998035	0.571222215	0.275151209	0.25236371	0.008379048	0.091537138	0.352609784	0.555903312	0.620161915
2	Spotiphy	0.549877045	0.423050814	0.222723307	0.172660577	0.008523444	0.092322499	0.367954393	0.446930813	0.858595166
3	SpatialDWLS	0.501930887	0.554453874	0.15039363	0.114391521	0.009302019	0.096446978	0.376830888	0.436066136	0.64101074
4	cell2location	0.496655077	0.429653487	0.281891563	0.226271982	0.009113029	0.095462187	0.405031678	0.493031681	0.747496265
5	novoSpaRc	0.418778419	0.420249305	0.098560483	0.103894775	0.010192651	0.10095866	0.478059942	0.237672169	0.564640734
6	Tangram	0.424670481	0.369378023	0.209239901	0.164334256	0.010108831	0.100542682	0.457626529	0.27271956	0.554991359
7	RCTD	0.417854536	0.404533051	0.246955946	0.182923957	0.01041748	0.102066055	0.443079932	0.421234617	0.970433742
8	CytoSPACE	0.36776674	0.396659771	0.140294294	0.122107316	0.030901668	0.175788702	0.601816295	0.577454557	0.316480358
9	CIBERSORTx	0.077789223	0.12313192	0.119644255	0.11131737	0.014706843	0.121271775	0.701846968	0.412945105	0.502041931
