		mean_spot_pcc	mean_spot_spearman	mean_type_pcc	mean_type_spearman	overall_mse	overall_rmse	mean_jsd	mean_ssim	mean_moran_pred	mean_moran_true	mean_moran_diff
scMagNet	value	0.5679980345562532	0.571222214916265	0.27515120921982483	0.2523637098058319	0.008379047640384937	0.09153713803907645	0.3526097838974425	0.5559033119735954	0.7118340929800756	0.5353376272060582	0.6201619151712846
novoSpaRc	value	0.4187784190960834	0.42024930467379185	0.09856048271995438	0.10389477476619981	0.010192650973888984	0.10095865972708326	0.4780599419509503	0.23767216915090159	0.7376326965469057	0.5353376272060582	0.5646407344660187
Tangram	value	0.4246704808763093	0.3693780229612295	0.20923990126133446	0.16433425592634607	0.010108830988108178	0.10054268241949872	0.45762652904502293	0.27271956029145644	0.29710775709240617	0.5353376272060582	0.5549913587113608
Spotiphy	value	0.5498770448174491	0.42305081398606	0.22272330725490835	0.17266057733003978	0.008523443856765	0.09232249919041945	0.36795439268003044	0.44693081302006454	0.4596382986329573	0.5353376272060582	0.8585951655067144
RCTD	value	0.41785453646251974	0.4045330508895567	0.24695594640484947	0.18292395660570376	0.010417479575133969	0.10206605496017747	0.44307993170222737	0.4212346166670141	0.519509697035963	0.5353376272060582	0.970433742435215
CytoSPACE	value	0.3677667397689343	0.3966597705127278	0.140294293826955	0.12210731576308687	0.03090166761683606	0.17578870161883572	0.6018162952934116	0.5774545573226408	0.16942384412217776	0.5353376272060582	0.31648035839812994
SpatialDWLS	value	0.5019308871271478	0.5544538741408489	0.15039363001064138	0.11439152138821408	0.00930201948557303	0.09644697758651138	0.37683088806707377	0.43606613617615253	0.34315716864533174	0.5353376272060582	0.6410107401496855
cell2location	value	0.4966550774921449	0.42965348730942676	0.2818915634506312	0.22627198178216218	0.009113029095565087	0.09546218673152783	0.40503167815138574	0.4930316806467927	0.6526666117550263	0.5353376272060582	0.7474962652054493
CIBERSORTx	value	0.07778922270571507	0.12313191988449912	0.11964425541649383	0.11131736997393196	0.014706843413842907	0.12127177500903871	0.7018469683663382	0.4129451048367889	0.26876193608588356	0.5353376272060582	0.5020419309745879
