spot_id,0
0,0.08254149013679286
1,0.7310439147153283
2,0.9689021747544614
3,0.1286853756059249
4,0.7657608328921625
5,0.8161282256458943
6,0.23981330074159968
7,0.9137692271029628
8,0.8149420652180965
9,0.2683185242735118
10,0.7343244583298751
11,0.7692393325264627
12,0.4836855523346526
13,0.37985924798878307
14,0.9938788384228198
15,0.6046286470697586
16,0.8851240596885112
17,0.7745670832613304
18,0.9343791094116857
19,0.8768771391488456
20,0.06052520720903029
21,0.8412358783724404
22,0.7448731893800605
23,0.848966276245018
24,0.18668904245951198
25,0.5440952905585159
26,0.8310230337663412
27,0.5047454383268085
28,0.7407552167570012
29,0.8497164655140225
30,0.9049770993272914
31,0.6334693487582533
32,0.7515839449721692
33,0.9492289705627789
34,0.8722934477877299
35,0.6004590230483026
36,0.7481126812838009
37,0.35676646360035996
38,0.4248974942015718
39,0.5634938147904892
40,0.8168504559671822
41,0.5868838695321577
42,0.6359117991080824
43,0.24975073135600767
44,0.9051580405830446
45,0.9169388016073454
46,0.4280612529166757
47,0.8085953440032738
48,0.8883075277818345
49,0.8512074472400593
50,0.7522824628613323
51,0.501676787831501
52,0.4939942001070456
53,0.831207517030118
54,0.548374492395293
55,0.6581289264631479
56,0.5925660590710117
57,0.8766402404151977
58,0.26597859390178974
59,0.8994170853371218
60,0.5749724363480583
61,0.9535860837043167
62,0.8194967804757985
63,0.8686848741398369
64,0.9229885881263883
65,0.5326582272029573
66,0.8906766023612169
67,0.5075492048280615
68,0.7313118343454489
69,0.16841346348942327
70,0.7261606043037446
71,0.37020637346084684
72,0.3734761793537565
73,0.5594298750141995
74,0.6652972006553991
75,0.6399721967762525
76,0.5305837641914372
77,0.704884395168629
78,0.5398326008796572
79,0.661152973148248
80,0.9597692919282983
81,0.8413066469789503
82,0.8938129545450143
83,0.8275845836560184
84,0.6816276144201641
85,0.45418014685545777
86,0.8039574080295305
87,0.7983894964986306
88,0.7524300343194086
89,0.6652159530005366
90,0.5413902089937017
91,0.7265316685963112
92,0.8636550615687393
93,0.8416107231496031
94,0.8838104353876783
95,0.8685989257896097
96,0.7114549083008702
97,0.8963100270660088
98,0.9658925481769888
99,0.06555063134977421
100,0.9196427524464843
101,0.41298400490690956
102,0.7988617320338838
103,0.958078168166074
104,0.7775741999191024
105,0.9285103840576192
106,0.9182926810936465
107,0.4868843858485388
108,0.8450289913666642
109,0.42113819960603416
110,0.585163363425924
111,0.8934164000834591
112,0.6349702024234701
113,0.7981336823068853
114,0.825244627870308
115,0.5499313730633065
116,0.553574943502461
117,0.1090122965051766
118,0.14085367595963086
119,0.7045401535814102
120,0.9443582539769186
121,0.9206453045658313
122,0.6890999109053261
123,0.899105378433053
124,0.828800551909814
125,0.6644348594321673
126,0.5021505342575477
127,0.6603514491623483
128,0.5309635735598162
129,0.321157831338052
130,0.6760622312834548
131,0.5653234858152754
132,0.8024738366298925
133,0.6991763247301664
134,0.8887393894563653
135,0.6510380880210199
136,0.46136590019090623
137,0.1271912115180943
138,0.4458137134714204
139,0.6452813619244776
140,0.9148618040327421
141,0.9162354577967775
142,0.6714844442480368
143,0.5790434757559788
144,0.9351058733833492
145,0.9284061733991156
146,0.3917343571227471
147,0.36463298398198524
148,0.4176146855619764
149,0.6193973633325032
150,0.6304663914569336
151,0.7067225183854173
152,0.8111057779677278
153,0.7640171584717768
154,0.905929642551155
155,0.29746529489016554
156,0.5381493670665198
157,0.31256907270065
158,0.49567224757042316
159,0.6344818866311572
160,0.9415267457652575
161,0.97417104301706
162,0.8675425031406039
163,0.6152137718977477
164,0.9851566577942493
165,0.9804686772296795
166,0.6248150753475319
167,0.8744760846094237
168,0.49569088521862736
169,0.46902473963494473
170,0.5892389743233527
171,0.6945834248756584
172,0.8052235375508682
173,0.8188814710494796
174,0.8609211277805275
175,0.9682623377227294
176,0.8354411890489876
177,0.6826365608269045
178,0.8968605782965979
179,0.9478305085682481
180,0.5205212645737177
181,0.9909653939604295
182,0.9645243720954144
183,0.8792720635996747
184,0.9011656028544144
185,0.8964731055771823
186,0.8793218892906728
187,0.7568923587246319
188,0.585787310156849
189,0.41558579597574735
190,0.6590702111360156
191,0.5189886678584614
192,0.7338033434554123
193,0.6480703930015135
194,0.8991935325485835
195,0.7671815183553562
196,0.7030522222000494
197,0.6661286284717175
198,0.38830933604949547
199,0.3899674723522415
200,0.969869578915821
201,0.9281149296489866
202,0.5675309019619582
203,0.6906177049771483
204,0.9114563267816294
205,0.49472064348527317
206,0.9495504437978665
207,0.6212832532618445
208,0.7717042597569383
209,0.3976562801358151
210,0.3908482138497512
211,0.6009924900975977
212,0.45800157354696996
213,0.462692275979559
214,0.6145522667892057
215,0.7064712751671881
216,0.9254724477973889
217,0.29405614561200066
218,0.31118188949659564
219,0.49994795753819976
220,0.983452029593088
221,0.9669859065182718
222,0.7866687997327054
223,0.3794439489744127
224,0.4366657581242919
225,0.9362640539039306
226,0.9051840657037145
227,0.8350081100405112
228,0.16200215961756856
229,0.8734952641337047
230,0.5950580539270018
231,0.7260703819194331
232,0.3941093009659186
233,0.7842348542522979
234,0.25932407300414323
235,0.7038813947197041
236,0.9559257097895553
237,0.7550082869363799
238,0.6852181283305709
239,0.9486589180583574
240,0.9087505922337367
241,0.9593219419243119
242,0.5629874901805207
243,0.8515357429661506
244,0.9424177323406063
245,0.9306021746053533
246,0.847681703328307
247,0.7004623641690221
248,0.8210022669479156
249,0.6645062875762103
250,0.8426684187285012
251,0.6220004008008804
252,0.1112550792189202
253,0.7825176290475873
254,0.7496916825360934
255,0.6984973613027342
256,0.9757492421550001
257,0.7404766641331372
258,0.4832445785927674
259,0.9611733236276637
260,0.9410882179471073
261,0.6518737149882959
262,0.6328479772211579
263,0.6253969696989156
264,0.8905556178833044
265,0.8313087889970899
266,0.48207831108541394
267,0.8130441049927811
268,0.4249538903577377
269,0.6575526940519684
270,0.6931833550032617
271,0.5869697025780537
272,0.43961241277931007
273,0.8198502116312781
274,0.8829704085109472
275,0.9269324123126481
276,0.77656543072784
277,0.843995334635456
278,0.9304683077758147
279,0.9015187105220582
280,0.6645404145352349
281,0.9295660233463295
282,0.9561890878742174
283,0.30948000703709566
284,0.32219351826976556
285,0.7669940858312297
286,0.5684496882972581
287,0.6986845810266127
288,0.7621520808606783
289,0.5482121963935132
290,0.5229347341831109
291,0.2232380061516786
292,0.8462721713751563
293,0.1890800962642652
294,0.8179726796285214
295,0.677120641679221
296,0.8673720501513628
297,0.9642040790668437
298,0.9005225909417534
299,0.944175670872707
300,0.9447539687524303
301,0.6985487548382542
302,0.835707097875742
303,0.5873176612644971
304,0.7517445705174024
305,0.6181584200532204
306,0.7382789263463033
307,0.3975599239248797
308,0.48732731748659713
309,0.14482616198694015
310,0.6172484634768737
311,0.9682648849752202
312,0.7055418108998806
313,0.9320127806712714
314,0.9511785594283275
315,0.93604551846033
316,0.7741449845058315
317,0.9242655562482676
318,0.6167463216122897
319,0.8682509472861284
320,0.7444706099072472
321,0.8833876108103736
322,0.42041900983424557
323,0.4945827598496567
324,0.4651482841001963
325,0.46243004366922025
326,0.4253596394211071
327,0.9129242476999643
328,0.8734106764971388
329,0.7079147635470451
330,0.772157860466778
331,0.9032367074127283
332,0.912846977383932
333,0.9276018546779431
334,0.9302704249035969
335,0.8843752846240496
336,0.9710388274532687
337,0.3586408560900864
338,0.28606598779537096
339,0.2339901145823161
340,0.4080857489199532
341,0.9287023086698403
342,-0.0878238584227741
343,0.9597008699050933
344,0.9592441534847258
345,0.9696004004346594
346,0.8961635665997224
347,0.7436089471071419
348,0.936880937827672
349,0.7510930780999073
350,0.87746952012646
351,0.8553046142665961
352,0.9298298241145327
353,0.5308814691996775
354,0.2981909511996295
355,0.9166383934388641
356,0.8578107694943009
357,0.9459320123109357
358,0.6766507404485393
359,0.960867583003423
360,0.8116154813147821
361,0.8533479057801363
362,0.8909886734132354
363,0.8334917688919125
364,0.9313281701318908
365,0.8867888254473094
366,0.4357465364535768
367,0.37522416363931743
368,0.9595720454647286
369,0.8950583799627455
370,0.9537746433068542
371,0.9252669142412593
372,0.8848185257578242
373,0.8389576074364032
374,0.7199207746631647
375,0.8057860385498121
376,0.7785763664613993
377,0.9455532799032306
378,0.8421467418141959
379,0.838818000994506
380,0.7651710596840081
381,0.30844267969117417
382,0.4684780423050874
383,0.6301678265405753
384,0.9507330922217975
385,0.38807719608860414
386,0.6445727504398627
387,0.7989727593843925
388,0.6700093475698132
389,0.7602063364905396
390,0.5249730178435494
391,0.9184377949221076
392,0.20619999995838484
393,0.9484848499362742
394,0.3518706018615292
395,0.5669940591784486
396,0.7578007345449986
397,0.696467219139926
398,0.3674536987434936
399,0.8898761124775207
400,0.7183216666647122
401,0.8995847168892571
402,0.9190316239782584
403,0.9228580260140941
404,0.4497246883088084
405,0.6612429672364273
406,0.8552970294373291
407,0.8459983783825694
408,0.9227543062092035
409,0.38627972108142167
410,0.9215183249542014
411,0.9710865722343877
412,0.9349850384255532
413,0.8881011412450259
414,0.8840085444465131
415,0.7942104832016178
416,-0.15277999798519623
417,0.3464255686086695
418,0.9007506121194592
419,0.9087367251561661
420,0.9509889342994381
421,0.6154891774603114
422,0.6643080459573044
423,0.5277508201551284
